Index       TIME              V(A)              V(B)              V(C)              V(D)              V(S)             V(COUT)           V(_0_)            V(_1_)            V(_2_)      
0        0.00000000e+00    0.00000000e+00    0.00000000e+00    0.00000000e+00    0.00000000e+00    0.00000000e+00    0.00000000e+00    1.20000000e+00    1.20000000e+00    1.20000000e+00
1        5.00000000e-11    0.00000000e+00    0.00000000e+00    0.00000000e+00    6.00000000e-03    4.72066956e-09    1.31851190e-09    1.20000000e+00    1.20000000e+00    1.20000000e+00
2        1.50000000e-10    0.00000000e+00    0.00000000e+00    0.00000000e+00    1.80000000e-02    5.62676189e-09    1.42729999e-09    1.20000000e+00    1.20000000e+00    1.20000000e+00
3        3.50000000e-10    0.00000000e+00    0.00000000e+00    0.00000000e+00    4.20000000e-02    5.80862811e-09    1.43627581e-09    1.20000000e+00    1.19999999e+00    1.19999999e+00
4        7.50000000e-10    0.00000000e+00    0.00000000e+00    0.00000000e+00    9.00000000e-02    5.65581369e-09    1.42786731e-09    1.20000000e+00    1.19999999e+00    1.20000000e+00
5        1.55000000e-09    0.00000000e+00    0.00000000e+00    0.00000000e+00    1.86000000e-01    5.79609130e-09    1.43600722e-09    1.20000000e+00    1.19999999e+00    1.19999999e+00
6        3.15000000e-09    0.00000000e+00    0.00000000e+00    0.00000000e+00    3.78000000e-01    5.66164695e-09    1.42799793e-09    1.20000000e+00    1.19999999e+00    1.20000000e+00
7        3.95000000e-09    0.00000000e+00    0.00000000e+00    0.00000000e+00    4.74000000e-01    5.72700576e-09    1.43195977e-09    1.20000000e+00    1.19999999e+00    1.19999999e+00
8        4.35000000e-09    0.00000000e+00    0.00000000e+00    0.00000000e+00    5.22000000e-01    5.73318856e-09    1.43198086e-09    1.20000000e+00    1.19868197e+00    1.19999999e+00
9        4.75000000e-09    0.00000000e+00    0.00000000e+00    0.00000000e+00    5.70000000e-01    5.78762844e-09    1.43198140e-09    1.20000000e+00    1.18518827e+00    1.19999999e+00
10       4.80611861e-09    0.00000000e+00    0.00000000e+00    0.00000000e+00    5.76734233e-01    5.80463576e-09    1.43198111e-09    1.20000000e+00    1.18113082e+00    1.19999999e+00
11       4.91835583e-09    0.00000000e+00    0.00000000e+00    0.00000000e+00    5.90202700e-01    5.84717966e-09    1.43198098e-09    1.20000000e+00    1.17112462e+00    1.19999999e+00
12       5.03059305e-09    0.00000000e+00    0.00000000e+00    0.00000000e+00    6.03671166e-01    5.91236624e-09    1.43198117e-09    1.20000000e+00    1.15630483e+00    1.19999999e+00
13       5.14283027e-09    0.00000000e+00    0.00000000e+00    0.00000000e+00    6.17139633e-01    6.02143958e-09    1.43198098e-09    1.20000000e+00    1.13270617e+00    1.19999999e+00
14       5.25506749e-09    0.00000000e+00    0.00000000e+00    0.00000000e+00    6.30608099e-01    6.23933224e-09    1.43198118e-09    1.20000000e+00    1.08964971e+00    1.19999999e+00
15       5.35608099e-09    0.00000000e+00    0.00000000e+00    0.00000000e+00    6.42729719e-01    6.62503886e-09    1.43198098e-09    1.20000000e+00    1.02610262e+00    1.19999999e+00
16       5.44699314e-09    0.00000000e+00    0.00000000e+00    0.00000000e+00    6.53639177e-01    7.24602561e-09    1.43198117e-09    1.20000000e+00    9.47819660e-01    1.19999999e+00
17       5.53790529e-09    0.00000000e+00    0.00000000e+00    0.00000000e+00    6.64548634e-01    8.38860859e-09    1.43198099e-09    1.20000000e+00    8.49552222e-01    1.19999999e+00
18       5.62881744e-09    0.00000000e+00    0.00000000e+00    0.00000000e+00    6.75458092e-01    1.09179086e-08    1.43198117e-09    1.20000000e+00    7.29650275e-01    1.19999999e+00
19       5.66975025e-09    0.00000000e+00    0.00000000e+00    0.00000000e+00    6.80370030e-01    3.43107688e-03    1.43198109e-09    1.20000000e+00    6.64599723e-01    1.19999999e+00
20       5.68582623e-09    0.00000000e+00    0.00000000e+00    0.00000000e+00    6.82299147e-01    9.54683334e-03    1.43198109e-09    1.20000000e+00    6.37437107e-01    1.19999999e+00
21       5.70190220e-09    0.00000000e+00    0.00000000e+00    0.00000000e+00    6.84228264e-01    2.04175781e-02    1.43198115e-09    1.20000000e+00    6.09104098e-01    1.19999999e+00
22       5.70604075e-09    0.00000000e+00    0.00000000e+00    0.00000000e+00    6.84724890e-01    2.52956899e-02    1.43198112e-09    1.20000000e+00    6.01355247e-01    1.19999999e+00
23       5.71017930e-09    0.00000000e+00    0.00000000e+00    0.00000000e+00    6.85221516e-01    3.06988069e-02    1.43198107e-09    1.20000000e+00    5.93514435e-01    1.19999999e+00
24       5.71845640e-09    0.00000000e+00    0.00000000e+00    0.00000000e+00    6.86214768e-01    4.53418797e-02    1.43198113e-09    1.20000000e+00    5.77232518e-01    1.19999999e+00
25       5.72673350e-09    0.00000000e+00    0.00000000e+00    0.00000000e+00    6.87208019e-01    6.71326645e-02    1.43198105e-09    1.20000000e+00    5.60019444e-01    1.19999999e+00
26       5.73501059e-09    0.00000000e+00    0.00000000e+00    0.00000000e+00    6.88201271e-01    9.87346950e-02    1.43198112e-09    1.20000000e+00    5.41629635e-01    1.19999999e+00
27       5.74328769e-09    0.00000000e+00    0.00000000e+00    0.00000000e+00    6.89194523e-01    1.41827542e-01    1.43198105e-09    1.20000000e+00    5.21693795e-01    1.19999999e+00
28       5.75156479e-09    0.00000000e+00    0.00000000e+00    0.00000000e+00    6.90187775e-01    1.97793358e-01    1.43198112e-09    1.20000000e+00    4.99643216e-01    1.19999999e+00
29       5.75984189e-09    0.00000000e+00    0.00000000e+00    0.00000000e+00    6.91181027e-01    2.68778552e-01    1.43198104e-09    1.20000000e+00    4.75034468e-01    1.19999999e+00
30       5.76811899e-09    0.00000000e+00    0.00000000e+00    0.00000000e+00    6.92174279e-01    3.58038264e-01    1.43198112e-09    1.20000000e+00    4.47995558e-01    1.19999999e+00
31       5.77639609e-09    0.00000000e+00    0.00000000e+00    0.00000000e+00    6.93167531e-01    4.69509163e-01    1.43198104e-09    1.20000000e+00    4.18920305e-01    1.19999999e+00
32       5.78467319e-09    0.00000000e+00    0.00000000e+00    0.00000000e+00    6.94160783e-01    6.07395223e-01    1.43198112e-09    1.20000000e+00    3.88107083e-01    1.19999999e+00
33       5.79295029e-09    0.00000000e+00    0.00000000e+00    0.00000000e+00    6.95154034e-01    7.76159945e-01    1.43198104e-09    1.20000000e+00    3.55786121e-01    1.19999999e+00
34       5.80122739e-09    0.00000000e+00    0.00000000e+00    0.00000000e+00    6.96147286e-01    9.64633782e-01    1.43198112e-09    1.20000000e+00    3.22137929e-01    1.19999999e+00
35       5.80249742e-09    0.00000000e+00    0.00000000e+00    0.00000000e+00    6.96299690e-01    9.92468604e-01    1.43198111e-09    1.20000000e+00    3.16851915e-01    1.19999999e+00
36       5.80503748e-09    0.00000000e+00    0.00000000e+00    0.00000000e+00    6.96604497e-01    1.04395699e+00    1.43198108e-09    1.20000000e+00    3.06226173e-01    1.19999999e+00
37       5.80757753e-09    0.00000000e+00    0.00000000e+00    0.00000000e+00    6.96909304e-01    1.08655182e+00    1.43198110e-09    1.20000000e+00    2.95494664e-01    1.19999999e+00
38       5.81011759e-09    0.00000000e+00    0.00000000e+00    0.00000000e+00    6.97214111e-01    1.11992099e+00    1.43198107e-09    1.20000000e+00    2.84660607e-01    1.19999999e+00
39       5.81265765e-09    0.00000000e+00    0.00000000e+00    0.00000000e+00    6.97518918e-01    1.14489649e+00    1.43198110e-09    1.20000000e+00    2.73727024e-01    1.19999999e+00
40       5.81519771e-09    0.00000000e+00    0.00000000e+00    0.00000000e+00    6.97823725e-01    1.16290199e+00    1.43198107e-09    1.20000000e+00    2.62696752e-01    1.19999999e+00
41       5.81773777e-09    0.00000000e+00    0.00000000e+00    0.00000000e+00    6.98128532e-01    1.17549175e+00    1.43198110e-09    1.20000000e+00    2.51572462e-01    1.19999999e+00
42       5.82281789e-09    0.00000000e+00    0.00000000e+00    0.00000000e+00    6.98738147e-01    1.19015893e+00    1.43198105e-09    1.20000000e+00    2.29052854e-01    1.19999999e+00
43       5.83297812e-09    0.00000000e+00    0.00000000e+00    0.00000000e+00    6.99957375e-01    1.19948077e+00    1.43198113e-09    1.20000000e+00    1.83201430e-01    1.19999999e+00
44       5.85329860e-09    0.00000000e+00    0.00000000e+00    0.00000000e+00    7.02395832e-01    1.20015495e+00    1.43198102e-09    1.20000000e+00    1.02089982e-01    1.19999999e+00
45       5.87014836e-09    0.00000000e+00    0.00000000e+00    0.00000000e+00    7.04417803e-01    1.19995407e+00    1.43198113e-09    1.20000000e+00    5.60380759e-02    1.19999999e+00
46       5.88699812e-09    0.00000000e+00    0.00000000e+00    0.00000000e+00    7.06439774e-01    1.20001540e+00    1.43198102e-09    1.20000000e+00    2.99741118e-02    1.19999999e+00
47       5.90384788e-09    0.00000000e+00    0.00000000e+00    0.00000000e+00    7.08461745e-01    1.19999450e+00    1.43198113e-09    1.20000000e+00    1.68003625e-02    1.19999999e+00
48       5.92069764e-09    0.00000000e+00    0.00000000e+00    0.00000000e+00    7.10483717e-01    1.20000202e+00    1.43198103e-09    1.20000000e+00    1.04083318e-02    1.19999999e+00
49       5.95439716e-09    0.00000000e+00    0.00000000e+00    0.00000000e+00    7.14527659e-01    1.19999873e+00    1.43198116e-09    1.20000000e+00    5.27597524e-03    1.19999999e+00
50       5.98809668e-09    0.00000000e+00    0.00000000e+00    0.00000000e+00    7.18571602e-01    1.20000080e+00    1.43198101e-09    1.20000000e+00    3.85363971e-03    1.19999999e+00
51       6.05549572e-09    0.00000000e+00    0.00000000e+00    0.00000000e+00    7.26659486e-01    1.19999936e+00    1.43198117e-09    1.20000000e+00    2.47569751e-03    1.19999999e+00
52       6.12289476e-09    0.00000000e+00    0.00000000e+00    0.00000000e+00    7.34747371e-01    1.20000050e+00    1.43198099e-09    1.20000000e+00    1.74903724e-03    1.19999999e+00
53       6.25769284e-09    0.00000000e+00    0.00000000e+00    0.00000000e+00    7.50923141e-01    1.19999955e+00    1.43198118e-09    1.20000000e+00    9.63326825e-04    1.19999999e+00
54       6.52728901e-09    0.00000000e+00    0.00000000e+00    0.00000000e+00    7.83274681e-01    1.20000043e+00    1.43198098e-09    1.20000000e+00    4.00804236e-04    1.19999999e+00
55       7.06648134e-09    0.00000000e+00    0.00000000e+00    0.00000000e+00    8.47977760e-01    1.19999958e+00    1.43198119e-09    1.20000000e+00    1.19588516e-04    1.19999999e+00
56       7.60567366e-09    0.00000000e+00    0.00000000e+00    0.00000000e+00    9.12680840e-01    1.20000040e+00    1.43198097e-09    1.20000000e+00    5.85420155e-05    1.19999999e+00
57       8.68405832e-09    0.00000000e+00    0.00000000e+00    0.00000000e+00    1.04208700e+00    1.19999960e+00    1.43198119e-09    1.20000000e+00    1.86783809e-05    1.19999999e+00
58       9.76244297e-09    0.00000000e+00    0.00000000e+00    0.00000000e+00    1.17149316e+00    1.20000039e+00    1.43198097e-09    1.20000000e+00    1.03246730e-05    1.19999999e+00
59       1.00000000e-08    0.00000000e+00    0.00000000e+00    0.00000000e+00    1.20000000e+00    1.19999963e+00    1.43198118e-09    1.20000000e+00    7.95672672e-06    1.19999999e+00
60       1.02156769e-08    0.00000000e+00    0.00000000e+00    0.00000000e+00    1.20000000e+00    1.19999999e+00    1.43198109e-09    1.20000000e+00    7.78422676e-06    1.19999999e+00
61       1.06470308e-08    0.00000000e+00    0.00000000e+00    0.00000000e+00    1.20000000e+00    1.20000000e+00    1.43198108e-09    1.20000000e+00    6.65727274e-06    1.19999999e+00
62       1.15097385e-08    0.00000000e+00    0.00000000e+00    0.00000000e+00    1.20000000e+00    1.20000000e+00    1.43198119e-09    1.20000000e+00    4.89028812e-06    1.19999999e+00
63       1.32351540e-08    0.00000000e+00    0.00000000e+00    0.00000000e+00    1.20000000e+00    1.20000000e+00    1.43198097e-09    1.20000000e+00    2.93484915e-06    1.19999999e+00
64       1.66859849e-08    0.00000000e+00    0.00000000e+00    0.00000000e+00    1.20000000e+00    1.20000000e+00    1.43198119e-09    1.20000000e+00    1.36058934e-06    1.19999999e+00
65       2.35876467e-08    0.00000000e+00    0.00000000e+00    0.00000000e+00    1.20000000e+00    1.20000000e+00    1.43198097e-09    1.20000000e+00    4.90503971e-07    1.19999999e+00
66       3.73909703e-08    0.00000000e+00    0.00000000e+00    0.00000000e+00    1.20000000e+00    1.20000000e+00    1.43198119e-09    1.20000000e+00    1.41597296e-07    1.19999999e+00
67       5.00000000e-08    0.00000000e+00    0.00000000e+00    0.00000000e+00    1.20000000e+00    1.20000000e+00    1.43198097e-09    1.20000000e+00    8.99209190e-08    1.19999999e+00
68       5.04000000e-08    0.00000000e+00    0.00000000e+00    3.00000000e-02    1.20000000e+00    1.20000000e+00    1.43198108e-09    1.20000000e+00    7.93162284e-09    1.19999999e+00
69       5.06936412e-08    0.00000000e+00    0.00000000e+00    5.20230888e-02    1.20000000e+00    1.20000000e+00    1.43198109e-09    1.20000000e+00    5.80877596e-09    1.19999999e+00
70       5.12809236e-08    0.00000000e+00    0.00000000e+00    9.60692663e-02    1.20000000e+00    1.20000000e+00    1.43198119e-09    1.20000000e+00    5.65303187e-09    1.19999999e+00
71       5.24554883e-08    0.00000000e+00    0.00000000e+00    1.84161621e-01    1.20000000e+00    1.20000000e+00    1.43198097e-09    1.20000000e+00    5.80000084e-09    1.19999999e+00
72       5.48046178e-08    0.00000000e+00    0.00000000e+00    3.60346331e-01    1.20000000e+00    1.20000000e+00    1.43198120e-09    1.19999999e+00    5.65721548e-09    1.19999999e+00
73       5.59791825e-08    0.00000000e+00    0.00000000e+00    4.48438686e-01    1.20000000e+00    1.20000000e+00    1.43198109e-09    1.19999999e+00    5.72725338e-09    1.19999999e+00
74       5.65664649e-08    0.00000000e+00    0.00000000e+00    4.92484864e-01    1.20000000e+00    1.20000000e+00    1.43198110e-09    1.19999999e+00    5.72791168e-09    1.19999999e+00
75       5.72895141e-08    0.00000000e+00    0.00000000e+00    5.46713561e-01    1.20000000e+00    1.20000000e+00    1.44467543e-09    1.19381250e+00    5.57421016e-09    1.19999999e+00
76       5.75465509e-08    0.00000000e+00    0.00000000e+00    5.65991317e-01    1.20000000e+00    1.20000000e+00    1.45944460e-09    1.18670895e+00    5.53518754e-09    1.19999999e+00
77       5.78035876e-08    0.00000000e+00    0.00000000e+00    5.85269072e-01    1.20000000e+00    1.20000000e+00    1.48431249e-09    1.17503746e+00    5.52054660e-09    1.19999999e+00
78       5.80606244e-08    0.00000000e+00    0.00000000e+00    6.04546828e-01    1.20000000e+00    1.20000000e+00    1.53642639e-09    1.15189278e+00    5.57252225e-09    1.19999999e+00
79       5.80939127e-08    0.00000000e+00    0.00000000e+00    6.07043454e-01    1.20000000e+00    1.20000000e+00    1.54656419e-09    1.14754470e+00    5.58804462e-09    1.19999999e+00
80       5.81604894e-08    0.00000000e+00    0.00000000e+00    6.12036705e-01    1.20000000e+00    1.20000000e+00    1.57030441e-09    1.13755533e+00    5.62974570e-09    1.19999999e+00
81       5.82270661e-08    0.00000000e+00    0.00000000e+00    6.17029957e-01    1.20000000e+00    1.20000000e+00    1.60289315e-09    1.12428919e+00    5.70259423e-09    1.19999999e+00
82       5.82936428e-08    0.00000000e+00    0.00000000e+00    6.22023208e-01    1.20000000e+00    1.20000000e+00    1.65024835e-09    1.10586019e+00    5.82885147e-09    1.19999999e+00
83       5.83602195e-08    0.00000000e+00    0.00000000e+00    6.27016460e-01    1.20000000e+00    1.20000000e+00    1.71948684e-09    1.08080629e+00    6.03207331e-09    1.19999999e+00
84       5.84267961e-08    0.00000000e+00    0.00000000e+00    6.32009711e-01    1.20000000e+00    1.20000000e+00    1.81674032e-09    1.04894193e+00    6.34012592e-09    1.19999999e+00
85       5.84933728e-08    0.00000000e+00    0.00000000e+00    6.37002963e-01    1.20000000e+00    1.20000000e+00    1.95042945e-09    1.01034499e+00    6.80165366e-09    1.19999999e+00
86       5.85599495e-08    0.00000000e+00    0.00000000e+00    6.41996214e-01    1.20000000e+00    1.20000000e+00    2.13454518e-09    9.65074341e-01    7.51003298e-09    1.19999999e+00
87       5.86265262e-08    0.00000000e+00    0.00000000e+00    6.46989465e-01    1.20000000e+00    1.20000000e+00    2.39288550e-09    9.13173027e-01    8.66041713e-09    1.19999999e+00
88       5.86931029e-08    0.00000000e+00    0.00000000e+00    6.51982717e-01    1.20000000e+00    1.20000000e+00    2.76922319e-09    8.54628463e-01    1.07266956e-08    1.19999999e+00
89       5.87596796e-08    0.00000000e+00    0.00000000e+00    6.56975968e-01    1.20000000e+00    1.20000000e+00    3.35250499e-09    7.89321189e-01    1.91347795e-02    1.19999999e+00
90       5.87656566e-08    0.00000000e+00    0.00000000e+00    6.57424247e-01    1.20000000e+00    1.20000000e+00    3.42025765e-09    7.83090876e-01    2.34482421e-02    1.19999999e+00
91       5.87776107e-08    0.00000000e+00    0.00000000e+00    6.58320803e-01    1.20000000e+00    1.20000000e+00    3.56400029e-09    7.70508581e-01    3.42849610e-02    1.19999999e+00
92       5.87895648e-08    0.00000000e+00    0.00000000e+00    6.59217359e-01    1.20000000e+00    1.20000000e+00    3.72456082e-09    7.57686375e-01    5.02688218e-02    1.19999999e+00
93       5.88015189e-08    0.00000000e+00    0.00000000e+00    6.60113916e-01    1.20000000e+00    1.20000000e+00    3.90342932e-09    7.44622500e-01    7.32352265e-02    1.19999999e+00
94       5.88134730e-08    0.00000000e+00    0.00000000e+00    6.61010472e-01    1.20000000e+00    1.20000000e+00    4.10337914e-09    7.31308119e-01    1.04916334e-01    1.19999999e+00
95       5.88254270e-08    0.00000000e+00    0.00000000e+00    6.61907029e-01    1.20000000e+00    1.20000000e+00    4.32811194e-09    7.17734110e-01    1.46183710e-01    1.19999999e+00
96       5.88373811e-08    0.00000000e+00    0.00000000e+00    6.62803585e-01    1.20000000e+00    1.20000000e+00    4.58233465e-09    7.03888182e-01    1.97532182e-01    1.19999999e+00
97       5.88493352e-08    0.00000000e+00    0.00000000e+00    6.63700141e-01    1.20000000e+00    1.20000000e+00    8.61527679e-05    6.89754576e-01    2.59657207e-01    1.19999999e+00
98       5.88612893e-08    0.00000000e+00    0.00000000e+00    6.64596698e-01    1.20000000e+00    1.20000000e+00    6.38928198e-04    6.75312549e-01    3.34386680e-01    1.19999999e+00
99       5.88732434e-08    0.00000000e+00    0.00000000e+00    6.65493254e-01    1.20000000e+00    1.20000000e+00    2.17641910e-03    6.60534413e-01    4.24612341e-01    1.19999999e+00
100      5.88851975e-08    0.00000000e+00    0.00000000e+00    6.66389811e-01    1.20000000e+00    1.19913156e+00    5.15603945e-03    6.45382470e-01    5.35145676e-01    1.19999999e+00
101      5.88971516e-08    0.00000000e+00    0.00000000e+00    6.67286367e-01    1.20000000e+00    1.17120426e+00    1.01248798e-02    6.29804239e-01    6.78714315e-01    1.19999999e+00
102      5.88985097e-08    0.00000000e+00    0.00000000e+00    6.67388231e-01    1.20000000e+00    1.16362158e+00    1.08555246e-02    6.28002050e-01    6.98336639e-01    1.19999999e+00
103      5.88998679e-08    0.00000000e+00    0.00000000e+00    6.67490094e-01    1.20000000e+00    1.15530587e+00    1.16049520e-02    6.26196461e-01    7.18438004e-01    1.19999999e+00
104      5.89025843e-08    0.00000000e+00    0.00000000e+00    6.67693821e-01    1.20000000e+00    1.13376417e+00    1.32211030e-02    6.22564570e-01    7.61357220e-01    1.19999999e+00
105      5.89053006e-08    0.00000000e+00    0.00000000e+00    6.67897548e-01    1.20000000e+00    1.10463440e+00    1.50035340e-02    6.18904314e-01    8.07627866e-01    1.19999999e+00
106      5.89080170e-08    0.00000000e+00    0.00000000e+00    6.68101275e-01    1.20000000e+00    1.06651890e+00    1.69667483e-02    6.15214536e-01    8.56963437e-01    1.19999999e+00
107      5.89107334e-08    0.00000000e+00    0.00000000e+00    6.68305002e-01    1.20000000e+00    1.01813929e+00    1.91271368e-02    6.11493902e-01    9.08404376e-01    1.19999999e+00
108      5.89134497e-08    0.00000000e+00    0.00000000e+00    6.68508729e-01    1.20000000e+00    9.58725779e-01    2.15033064e-02    6.07740901e-01    9.59434617e-01    1.19999999e+00
109      5.89161661e-08    0.00000000e+00    0.00000000e+00    6.68712456e-01    1.20000000e+00    8.88424876e-01    2.41164799e-02    6.03953845e-01    1.00700554e+00    1.19999999e+00
110      5.89188824e-08    0.00000000e+00    0.00000000e+00    6.68916184e-01    1.20000000e+00    8.08304573e-01    2.69909857e-02    6.00130852e-01    1.04890623e+00    1.19999999e+00
111      5.89215988e-08    0.00000000e+00    0.00000000e+00    6.69119911e-01    1.20000000e+00    7.20015758e-01    3.01548630e-02    5.96269828e-01    1.08401913e+00    1.19999999e+00
112      5.89243152e-08    0.00000000e+00    0.00000000e+00    6.69323638e-01    1.20000000e+00    6.25388514e-01    3.36406154e-02    5.92368445e-01    1.11223204e+00    1.19999999e+00
113      5.89270315e-08    0.00000000e+00    0.00000000e+00    6.69527365e-01    1.20000000e+00    5.28270574e-01    3.74861590e-02    5.88424109e-01    1.13414009e+00    1.19999999e+00
114      5.89297479e-08    0.00000000e+00    0.00000000e+00    6.69731092e-01    1.20000000e+00    4.36192513e-01    4.17360245e-02    5.84433923e-01    1.15070548e+00    1.19999999e+00
115      5.89324643e-08    0.00000000e+00    0.00000000e+00    6.69934819e-01    1.20000000e+00    3.55431254e-01    4.64428987e-02    5.80394648e-01    1.16298563e+00    1.19999999e+00
116      5.89351806e-08    0.00000000e+00    0.00000000e+00    6.70138546e-01    1.20000000e+00    2.87561043e-01    5.16696214e-02    5.76302647e-01    1.17196401e+00    1.19999999e+00
117      5.89378970e-08    0.00000000e+00    0.00000000e+00    6.70342273e-01    1.20000000e+00    2.31657588e-01    5.74918058e-02    5.72153830e-01    1.17845994e+00    1.19999999e+00
118      5.89406133e-08    0.00000000e+00    0.00000000e+00    6.70546000e-01    1.20000000e+00    1.85993004e-01    6.40013197e-02    5.67943578e-01    1.18312117e+00    1.19999999e+00
119      5.89433297e-08    0.00000000e+00    0.00000000e+00    6.70749727e-01    1.20000000e+00    1.48852564e-01    7.12978059e-02    5.63666660e-01    1.18645689e+00    1.19999999e+00
120      5.89460461e-08    0.00000000e+00    0.00000000e+00    6.70953454e-01    1.20000000e+00    1.18762321e-01    7.94422448e-02    5.59317130e-01    1.18885361e+00    1.19999999e+00
121      5.89487624e-08    0.00000000e+00    0.00000000e+00    6.71157181e-01    1.20000000e+00    9.44873086e-02    8.84555318e-02    5.54888200e-01    1.19059349e+00    1.19999999e+00
122      5.89514788e-08    0.00000000e+00    0.00000000e+00    6.71360908e-01    1.20000000e+00    7.49882147e-02    9.83566310e-02    5.50372093e-01    1.19187699e+00    1.19999999e+00
123      5.89569115e-08    0.00000000e+00    0.00000000e+00    6.71768362e-01    1.20000000e+00    4.66896081e-02    1.20920376e-01    5.41036409e-01    1.19361752e+00    1.19999999e+00
124      5.89623442e-08    0.00000000e+00    0.00000000e+00    6.72175816e-01    1.20000000e+00    2.88930218e-02    1.47318677e-01    5.31224117e-01    1.19468743e+00    1.19999999e+00
125      5.89677769e-08    0.00000000e+00    0.00000000e+00    6.72583271e-01    1.20000000e+00    1.78019084e-02    1.77792309e-01    5.20810721e-01    1.19542573e+00    1.19999999e+00
126      5.89732097e-08    0.00000000e+00    0.00000000e+00    6.72990725e-01    1.20000000e+00    1.09393748e-02    2.12647017e-01    5.09621715e-01    1.19598372e+00    1.19999999e+00
127      5.89786424e-08    0.00000000e+00    0.00000000e+00    6.73398179e-01    1.20000000e+00    6.71076139e-03    2.52283313e-01    4.97411424e-01    1.19643125e+00    1.19999999e+00
128      5.89840751e-08    0.00000000e+00    0.00000000e+00    6.73805633e-01    1.20000000e+00    4.11234080e-03    2.97296049e-01    4.84048698e-01    1.19680315e+00    1.19999999e+00
129      5.89895078e-08    0.00000000e+00    0.00000000e+00    6.74213087e-01    1.20000000e+00    2.51832174e-03    3.48482964e-01    4.69634262e-01    1.19711882e+00    1.19999999e+00
130      5.89949405e-08    0.00000000e+00    0.00000000e+00    6.74620541e-01    1.20000000e+00    1.54151144e-03    4.06713985e-01    4.54326076e-01    1.19739044e+00    1.19999999e+00
131      5.90003733e-08    0.00000000e+00    0.00000000e+00    6.75027995e-01    1.20000000e+00    9.43325759e-04    4.72874522e-01    4.38248759e-01    1.19762645e+00    1.19999999e+00
132      5.90058060e-08    0.00000000e+00    0.00000000e+00    6.75435449e-01    1.20000000e+00    5.77162445e-04    5.47868221e-01    4.21501952e-01    1.19783313e+00    1.19999999e+00
133      5.90112387e-08    0.00000000e+00    0.00000000e+00    6.75842903e-01    1.20000000e+00    3.53087370e-04    6.32618360e-01    4.04166282e-01    1.19801523e+00    1.19999999e+00
134      5.90166714e-08    0.00000000e+00    0.00000000e+00    6.76250358e-01    1.20000000e+00    2.15988786e-04    7.28068466e-01    3.86307694e-01    1.19817641e+00    1.19999999e+00
135      5.90221042e-08    0.00000000e+00    0.00000000e+00    6.76657812e-01    1.20000000e+00    1.32116397e-04    8.35182463e-01    3.67980646e-01    1.19831957e+00    1.19999999e+00
136      5.90275369e-08    0.00000000e+00    0.00000000e+00    6.77065266e-01    1.20000000e+00    8.08104222e-05    9.49756508e-01    3.49230510e-01    1.19844710e+00    1.19999999e+00
137      5.90287587e-08    0.00000000e+00    0.00000000e+00    6.77156900e-01    1.20000000e+00    7.29083574e-05    9.74962957e-01    3.44949369e-01    1.19847352e+00    1.19999999e+00
138      5.90312022e-08    0.00000000e+00    0.00000000e+00    6.77340169e-01    1.20000000e+00    5.86495996e-05    1.02268842e+00    3.36349769e-01    1.19852506e+00    1.19999999e+00
139      5.90360894e-08    0.00000000e+00    0.00000000e+00    6.77706706e-01    1.20000000e+00    3.77527112e-05    1.09865452e+00    3.18934920e-01    1.19862079e+00    1.19999999e+00
140      5.90409766e-08    0.00000000e+00    0.00000000e+00    6.78073243e-01    1.20000000e+00    2.43016699e-05    1.14761083e+00    3.01247866e-01    1.19870758e+00    1.19999999e+00
141      5.90458637e-08    0.00000000e+00    0.00000000e+00    6.78439780e-01    1.20000000e+00    1.56436122e-05    1.17497990e+00    2.83307001e-01    1.19878649e+00    1.19999999e+00
142      5.90507509e-08    0.00000000e+00    0.00000000e+00    6.78806317e-01    1.20000000e+00    1.00707816e-05    1.18877240e+00    2.65128379e-01    1.19885842e+00    1.19999999e+00
143      5.90556380e-08    0.00000000e+00    0.00000000e+00    6.79172854e-01    1.20000000e+00    6.48384463e-06    1.19521632e+00    2.46726070e-01    1.19892414e+00    1.19999999e+00
144      5.90654124e-08    0.00000000e+00    0.00000000e+00    6.79905928e-01    1.20000000e+00    2.56480633e-06    1.19958072e+00    2.09303320e-01    1.19903980e+00    1.19999999e+00
145      5.90751867e-08    0.00000000e+00    0.00000000e+00    6.80639002e-01    1.20000000e+00    1.01661096e-06    1.19998008e+00    1.71179873e-01    1.19913774e+00    1.19999999e+00
146      5.90947353e-08    0.00000000e+00    0.00000000e+00    6.82105150e-01    1.20000000e+00    7.75283856e-08    1.20000591e+00    1.01858269e-01    1.19929484e+00    1.19999999e+00
147      5.91142840e-08    0.00000000e+00    0.00000000e+00    6.83571298e-01    1.20000000e+00    1.08296542e-08    1.19999789e+00    5.28696064e-02    1.19941422e+00    1.19999999e+00
148      5.91338326e-08    0.00000000e+00    0.00000000e+00    6.85037446e-01    1.20000000e+00    6.09077729e-09    1.20000084e+00    2.59737082e-02    1.19950865e+00    1.19999999e+00
149      5.91533813e-08    0.00000000e+00    0.00000000e+00    6.86503594e-01    1.20000000e+00    5.75623339e-09    1.19999964e+00    1.32484353e-02    1.19958522e+00    1.19999999e+00
150      5.91729299e-08    0.00000000e+00    0.00000000e+00    6.87969743e-01    1.20000000e+00    5.73072973e-09    1.20000015e+00    7.58004904e-03    1.19964867e+00    1.19999999e+00
151      5.92120272e-08    0.00000000e+00    0.00000000e+00    6.90902039e-01    1.20000000e+00    5.72903207e-09    1.19999990e+00    3.46053039e-03    1.19974711e+00    1.19999999e+00
152      5.92511245e-08    0.00000000e+00    0.00000000e+00    6.93834335e-01    1.20000000e+00    5.72845706e-09    1.20000007e+00    2.50406144e-03    1.19981671e+00    1.19999999e+00
153      5.93293190e-08    0.00000000e+00    0.00000000e+00    6.99698928e-01    1.20000000e+00    5.72868212e-09    1.19999994e+00    1.51992795e-03    1.19989363e+00    1.19999999e+00
154      5.94075136e-08    0.00000000e+00    0.00000000e+00    7.05563520e-01    1.20000000e+00    5.72794565e-09    1.20000005e+00    1.00825055e-03    1.19992267e+00    1.19999999e+00
155      5.95639027e-08    0.00000000e+00    0.00000000e+00    7.17292705e-01    1.20000000e+00    5.72841803e-09    1.19999996e+00    5.08900983e-04    1.19995398e+00    1.19999999e+00
156      5.97202919e-08    0.00000000e+00    0.00000000e+00    7.29021891e-01    1.20000000e+00    5.72775705e-09    1.20000004e+00    3.12166729e-04    1.19996953e+00    1.19999999e+00
157      6.00330701e-08    0.00000000e+00    0.00000000e+00    7.52480261e-01    1.20000000e+00    5.72828171e-09    1.19999996e+00    1.37540771e-04    1.19998394e+00    1.19999999e+00
158      6.06586267e-08    0.00000000e+00    0.00000000e+00    7.99397001e-01    1.20000000e+00    5.72766178e-09    1.20000003e+00    4.80674790e-05    1.19999365e+00    1.19999999e+00
159      6.19097398e-08    0.00000000e+00    0.00000000e+00    8.93230482e-01    1.20000000e+00    5.72822075e-09    1.19999996e+00    1.07229168e-05    1.19999791e+00    1.19999999e+00
160      6.31608528e-08    0.00000000e+00    0.00000000e+00    9.87063963e-01    1.20000000e+00    5.72764153e-09    1.20000003e+00    5.80018897e-06    1.19999901e+00    1.19999999e+00
161      6.56630790e-08    0.00000000e+00    0.00000000e+00    1.17473093e+00    1.20000000e+00    5.72821242e-09    1.19999996e+00    1.60443114e-06    1.19999953e+00    1.19999999e+00
162      6.60000000e-08    0.00000000e+00    0.00000000e+00    1.20000000e+00    1.20000000e+00    5.72764472e-09    1.20000003e+00    1.63404474e-06    1.19999933e+00    1.19999999e+00
163      6.63369210e-08    0.00000000e+00    0.00000000e+00    1.20000000e+00    1.20000000e+00    5.72792589e-09    1.20000000e+00    1.40073597e-06    1.19999937e+00    1.19999999e+00
164      6.70107630e-08    0.00000000e+00    0.00000000e+00    1.20000000e+00    1.20000000e+00    5.72792630e-09    1.20000000e+00    1.21687999e-06    1.19999952e+00    1.19999999e+00
165      6.83584469e-08    0.00000000e+00    0.00000000e+00    1.20000000e+00    1.20000000e+00    5.72792546e-09    1.20000000e+00    9.12058197e-07    1.19999971e+00    1.19999999e+00
166      7.10538149e-08    0.00000000e+00    0.00000000e+00    1.20000000e+00    1.20000000e+00    5.72792492e-09    1.20000000e+00    5.61739608e-07    1.19999986e+00    1.19999999e+00
167      7.64445508e-08    0.00000000e+00    0.00000000e+00    1.20000000e+00    1.20000000e+00    5.72792437e-09    1.20000000e+00    2.76160330e-07    1.19999995e+00    1.19999999e+00
168      8.72260225e-08    0.00000000e+00    0.00000000e+00    1.20000000e+00    1.20000000e+00    5.72792456e-09    1.20000000e+00    1.03811313e-07    1.19999998e+00    1.19999999e+00
169      9.00000000e-08    0.00000000e+00    0.00000000e+00    1.20000000e+00    1.20000000e+00    5.72792419e-09    1.20000000e+00    9.31262070e-08    1.19999999e+00    1.19999999e+00
170      9.03750000e-08    0.00000000e+00    3.00000000e-02    1.20000000e+00    1.20000000e+00    5.72792437e-09    1.20000000e+00    4.91809918e-08    1.19999998e+00    1.19999999e+00
171      9.06502886e-08    0.00000000e+00    5.20230888e-02    1.20000000e+00    1.20000000e+00    5.72792438e-09    1.20000000e+00    4.77101729e-08    1.19999998e+00    1.19999999e+00
172      9.12008658e-08    0.00000000e+00    9.60692663e-02    1.20000000e+00    1.20000000e+00    5.72792440e-09    1.20000000e+00    4.70361490e-08    1.19999998e+00    1.19999999e+00
173      9.23020203e-08    0.00000000e+00    1.84161621e-01    1.20000000e+00    1.20000000e+00    5.72792439e-09    1.20000000e+00    4.59983750e-08    1.19999999e+00    1.19999999e+00
174      9.45043291e-08    0.00000000e+00    3.60346331e-01    1.20000000e+00    1.20000000e+00    5.72792440e-09    1.20000000e+00    4.38154428e-08    1.19999999e+00    1.19999999e+00
175      9.56054836e-08    0.00000000e+00    4.48438686e-01    1.20000000e+00    1.20000000e+00    5.72792438e-09    1.20000000e+00    4.28913856e-08    1.19999999e+00    1.19999999e+00
176      9.61560608e-08    0.00000000e+00    4.92484864e-01    1.20000000e+00    1.20000000e+00    5.72792439e-09    1.20000000e+00    4.24212181e-08    1.19999999e+00    1.19999999e+00
177      9.68974910e-08    0.00000000e+00    5.51799279e-01    1.20000000e+00    1.20000000e+00    5.76284517e-09    1.20000000e+00    4.18051341e-08    1.19999999e+00    1.19142109e+00
178      9.71424657e-08    0.00000000e+00    5.71397256e-01    1.20000000e+00    1.20000000e+00    5.79932566e-09    1.20000000e+00    4.16040741e-08    1.19999999e+00    1.18251638e+00
179      9.73874404e-08    0.00000000e+00    5.90995233e-01    1.20000000e+00    1.20000000e+00    5.86048215e-09    1.20000000e+00    4.14042604e-08    1.19999999e+00    1.16798816e+00
180      9.76324151e-08    0.00000000e+00    6.10593210e-01    1.20000000e+00    1.20000000e+00    5.99574339e-09    1.20000000e+00    4.12064091e-08    1.19999999e+00    1.13801788e+00
181      9.76670656e-08    0.00000000e+00    6.13365251e-01    1.20000000e+00    1.20000000e+00    6.02624472e-09    1.20000000e+00    4.11785825e-08    1.19999999e+00    1.13151585e+00
182      9.77363667e-08    0.00000000e+00    6.18909334e-01    1.20000000e+00    1.20000000e+00    6.10102251e-09    1.20000000e+00    4.11230215e-08    1.19999999e+00    1.11585862e+00
183      9.78056677e-08    0.00000000e+00    6.24453416e-01    1.20000000e+00    1.20000000e+00    6.21284255e-09    1.20000000e+00    4.10676194e-08    1.19999999e+00    1.09360704e+00
184      9.78749687e-08    0.00000000e+00    6.29997498e-01    1.20000000e+00    1.20000000e+00    6.37907991e-09    1.20000000e+00    4.10123631e-08    1.19999999e+00    1.06342541e+00
185      9.79442697e-08    0.00000000e+00    6.35541580e-01    1.20000000e+00    1.20000000e+00    6.61653060e-09    1.20000000e+00    4.09572586e-08    1.19999999e+00    1.02533860e+00
186      9.80135708e-08    0.00000000e+00    6.41085662e-01    1.20000000e+00    1.20000000e+00    6.95009809e-09    1.20000000e+00    4.09023020e-08    1.19999999e+00    9.79409271e-01
187      9.80828718e-08    0.00000000e+00    6.46629744e-01    1.20000000e+00    1.20000000e+00    7.42405290e-09    1.20000000e+00    4.08474947e-08    1.19999999e+00    9.25639454e-01
188      9.81521728e-08    0.00000000e+00    6.52173826e-01    1.20000000e+00    1.20000000e+00    8.11935325e-09    1.20000000e+00    4.07928348e-08    1.19999999e+00    8.63944517e-01
189      9.82214739e-08    0.00000000e+00    6.57717908e-01    1.20000000e+00    1.20000000e+00    9.20092580e-09    1.20000000e+00    4.07383228e-08    1.19999999e+00    7.93997152e-01
190      9.82907749e-08    0.00000000e+00    6.63261990e-01    1.20000000e+00    1.20000000e+00    1.10616362e-08    1.20000000e+00    4.06839576e-08    1.19999999e+00    7.14829997e-01
191      9.83600759e-08    0.00000000e+00    6.68806072e-01    1.20000000e+00    1.20000000e+00    1.37974405e-02    1.20000000e+00    4.06297388e-08    1.19999999e+00    6.23000820e-01
192      9.83823931e-08    0.00000000e+00    6.70591450e-01    1.20000000e+00    1.20000000e+00    3.41705966e-02    1.20000000e+00    4.06123157e-08    1.19999999e+00    5.88271347e-01
193      9.83926935e-08    0.00000000e+00    6.71415482e-01    1.20000000e+00    1.20000000e+00    4.77330026e-02    1.20000000e+00    4.06042775e-08    1.19999999e+00    5.71275943e-01
194      9.84029939e-08    0.00000000e+00    6.72239513e-01    1.20000000e+00    1.20000000e+00    6.41995445e-02    1.20000000e+00    4.05962411e-08    1.19999999e+00    5.53597908e-01
195      9.84235947e-08    0.00000000e+00    6.73887576e-01    1.20000000e+00    1.20000000e+00    1.19431029e-01    1.20000000e+00    4.05801785e-08    1.19999999e+00    5.12951267e-01
196      9.84414434e-08    0.00000000e+00    6.75315471e-01    1.20000000e+00    1.20000000e+00    1.98966267e-01    1.20000000e+00    4.05662722e-08    1.19999999e+00    4.69718144e-01
197      9.84572059e-08    0.00000000e+00    6.76576471e-01    1.20000000e+00    1.20000000e+00    3.04379278e-01    1.20000000e+00    4.05539994e-08    1.19999999e+00    4.24754435e-01
198      9.84713921e-08    0.00000000e+00    6.77711370e-01    1.20000000e+00    1.20000000e+00    4.41089617e-01    1.20000000e+00    4.05429603e-08    1.19999999e+00    3.80159828e-01
199      9.84837641e-08    0.00000000e+00    6.78701128e-01    1.20000000e+00    1.20000000e+00    6.12861115e-01    1.20000000e+00    4.05333381e-08    1.19999999e+00    3.38736638e-01
200      9.84853656e-08    0.00000000e+00    6.78829247e-01    1.20000000e+00    1.20000000e+00    6.40887598e-01    1.20000000e+00    4.05320929e-08    1.19999999e+00    3.33205700e-01
201      9.84869671e-08    0.00000000e+00    6.78957366e-01    1.20000000e+00    1.20000000e+00    6.69911170e-01    1.20000000e+00    4.05308477e-08    1.19999999e+00    3.27658948e-01
202      9.84901700e-08    0.00000000e+00    6.79213604e-01    1.20000000e+00    1.20000000e+00    7.34625017e-01    1.20000000e+00    4.05283576e-08    1.19999999e+00    3.16472338e-01
203      9.84933730e-08    0.00000000e+00    6.79469841e-01    1.20000000e+00    1.20000000e+00    8.08416487e-01    1.20000000e+00    4.05258678e-08    1.19999999e+00    3.05165018e-01
204      9.84965760e-08    0.00000000e+00    6.79726079e-01    1.20000000e+00    1.20000000e+00    8.88016151e-01    1.20000000e+00    4.05233784e-08    1.19999999e+00    2.93741314e-01
205      9.85029819e-08    0.00000000e+00    6.80238555e-01    1.20000000e+00    1.20000000e+00    1.03004213e+00    1.20000000e+00    4.05184004e-08    1.19999999e+00    2.70562326e-01
206      9.85080846e-08    0.00000000e+00    6.80646765e-01    1.20000000e+00    1.20000000e+00    1.10802530e+00    1.20000000e+00    4.05144362e-08    1.19999999e+00    2.51796081e-01
207      9.85126769e-08    0.00000000e+00    6.81014154e-01    1.20000000e+00    1.20000000e+00    1.14913639e+00    1.20000000e+00    4.05108689e-08    1.19999999e+00    2.34688801e-01
208      9.85172693e-08    0.00000000e+00    6.81381543e-01    1.20000000e+00    1.20000000e+00    1.17140579e+00    1.20000000e+00    4.05073024e-08    1.19999999e+00    2.17384373e-01
209      9.85218616e-08    0.00000000e+00    6.81748932e-01    1.20000000e+00    1.20000000e+00    1.18285343e+00    1.20000000e+00    4.05037365e-08    1.19999999e+00    1.99890573e-01
210      9.85310464e-08    0.00000000e+00    6.82483710e-01    1.20000000e+00    1.20000000e+00    1.19235092e+00    1.20000000e+00    4.04966066e-08    1.19999999e+00    1.64583285e-01
211      9.85402311e-08    0.00000000e+00    6.83218487e-01    1.20000000e+00    1.20000000e+00    1.19496093e+00    1.20000000e+00    4.04894792e-08    1.19999999e+00    1.30461580e-01
212      9.85586005e-08    0.00000000e+00    6.84688043e-01    1.20000000e+00    1.20000000e+00    1.19719306e+00    1.20000000e+00    4.04752321e-08    1.19999999e+00    7.52137071e-02
213      9.85751330e-08    0.00000000e+00    6.86010643e-01    1.20000000e+00    1.20000000e+00    1.19806714e+00    1.20000000e+00    4.04624183e-08    1.19999999e+00    4.30456400e-02
214      9.85916655e-08    0.00000000e+00    6.87333243e-01    1.20000000e+00    1.20000000e+00    1.19859312e+00    1.20000000e+00    4.04496128e-08    1.19999999e+00    2.46590837e-02
215      9.86081980e-08    0.00000000e+00    6.88655844e-01    1.20000000e+00    1.20000000e+00    1.19891178e+00    1.20000000e+00    4.04368154e-08    1.19999999e+00    1.49165224e-02
216      9.86412631e-08    0.00000000e+00    6.91301044e-01    1.20000000e+00    1.20000000e+00    1.19929462e+00    1.20000000e+00    4.04112453e-08    1.19999999e+00    6.72712583e-03
217      9.86743281e-08    0.00000000e+00    6.93946244e-01    1.20000000e+00    1.20000000e+00    1.19949805e+00    1.20000000e+00    4.03857080e-08    1.19999999e+00    4.57561227e-03
218      9.87404581e-08    0.00000000e+00    6.99236645e-01    1.20000000e+00    1.20000000e+00    1.19971510e+00    1.20000000e+00    4.03347313e-08    1.19999999e+00    2.88813632e-03
219      9.88065881e-08    0.00000000e+00    7.04527046e-01    1.20000000e+00    1.20000000e+00    1.19981283e+00    1.20000000e+00    4.02838846e-08    1.19999999e+00    2.06752691e-03
220      9.89388481e-08    0.00000000e+00    7.15107847e-01    1.20000000e+00    1.20000000e+00    1.19990608e+00    1.20000000e+00    4.01825806e-08    1.19999999e+00    1.13855886e-03
221      9.90711081e-08    0.00000000e+00    7.25688649e-01    1.20000000e+00    1.20000000e+00    1.19994091e+00    1.20000000e+00    4.00817924e-08    1.19999999e+00    7.32706559e-04
222      9.93356281e-08    0.00000000e+00    7.46850252e-01    1.20000000e+00    1.20000000e+00    1.19997338e+00    1.20000000e+00    3.98817483e-08    1.19999999e+00    3.46454100e-04
223      9.96001482e-08    0.00000000e+00    7.68011854e-01    1.20000000e+00    1.20000000e+00    1.19998284e+00    1.20000000e+00    3.96837265e-08    1.19999999e+00    2.07999994e-04
224      1.00129188e-07    0.00000000e+00    8.10335060e-01    1.20000000e+00    1.20000000e+00    1.19999345e+00    1.20000000e+00    3.92936329e-08    1.19999999e+00    8.48329836e-05
225      1.00658228e-07    0.00000000e+00    8.52658266e-01    1.20000000e+00    1.20000000e+00    1.19999486e+00    1.20000000e+00    3.89113095e-08    1.19999999e+00    5.03321989e-05
226      1.01716308e-07    0.00000000e+00    9.37304678e-01    1.20000000e+00    1.20000000e+00    1.19999891e+00    1.20000000e+00    3.81691085e-08    1.19999999e+00    1.72932410e-05
227      1.03832469e-07    0.00000000e+00    1.10659750e+00    1.20000000e+00    1.20000000e+00    1.19999851e+00    1.20000000e+00    3.67690455e-08    1.19999999e+00    6.60211175e-06
228      1.05000000e-07    0.00000000e+00    1.20000000e+00    1.20000000e+00    1.20000000e+00    1.20000035e+00    1.20000000e+00    3.60418593e-08    1.19999999e+00    2.84179840e-06
229      1.05423232e-07    0.00000000e+00    1.20000000e+00    1.20000000e+00    1.20000000e+00    1.19999960e+00    1.20000000e+00    3.57871150e-08    1.19999999e+00    3.21978987e-06
230      1.06269696e-07    0.00000000e+00    1.20000000e+00    1.20000000e+00    1.20000000e+00    1.19999966e+00    1.20000000e+00    3.52915294e-08    1.19999999e+00    2.65777626e-06
231      1.07962624e-07    0.00000000e+00    1.20000000e+00    1.20000000e+00    1.20000000e+00    1.19999977e+00    1.20000000e+00    3.43329718e-08    1.19999999e+00    1.82365890e-06
232      1.11348481e-07    0.00000000e+00    1.20000000e+00    1.20000000e+00    1.20000000e+00    1.19999987e+00    1.20000000e+00    3.25749085e-08    1.19999999e+00    9.90602190e-07
233      1.18120194e-07    0.00000000e+00    1.20000000e+00    1.20000000e+00    1.20000000e+00    1.19999994e+00    1.20000000e+00    2.95921447e-08    1.19999999e+00    4.32442941e-07
234      1.30000000e-07    0.00000000e+00    1.20000000e+00    1.20000000e+00    1.20000000e+00    1.19999998e+00    1.20000000e+00    2.56360438e-08    1.19999999e+00    1.52076576e-07
235      1.30338586e-07    2.70868517e-02    1.20000000e+00    1.20000000e+00    1.20000000e+00    1.19999998e+00    1.20000000e+00    6.34020814e-09    1.19999999e+00    1.02297479e-08
236      1.30600166e-07    4.80132433e-02    1.20000000e+00    1.20000000e+00    1.20000000e+00    1.19999998e+00    1.20000000e+00    5.75302618e-09    1.19999999e+00    5.91248489e-09
237      1.31123325e-07    8.98660266e-02    1.20000000e+00    1.20000000e+00    1.20000000e+00    1.19999998e+00    1.20000000e+00    5.70489235e-09    1.19999999e+00    5.55855951e-09
238      1.32169645e-07    1.73571593e-01    1.20000000e+00    1.20000000e+00    1.20000000e+00    1.19999998e+00    1.20000000e+00    5.74998636e-09    1.19999999e+00    5.89015725e-09
239      1.34262284e-07    3.40982726e-01    1.20000000e+00    1.20000000e+00    1.20000000e+00    1.19999998e+00    1.20000000e+00    5.70633173e-09    1.19999999e+00    5.56914328e-09
240      1.35308604e-07    4.24688293e-01    1.20000000e+00    1.20000000e+00    1.20000000e+00    1.19999998e+00    1.20000000e+00    5.72769456e-09    1.19999999e+00    5.72623509e-09
241      1.36649285e-07    5.31942776e-01    1.20000000e+00    1.20000000e+00    1.20000000e+00    1.19999998e+00    1.20000000e+00    5.27141899e-09    1.19999999e+00    5.61404398e-09
242      1.36984455e-07    5.58756396e-01    1.20000000e+00    1.20000000e+00    1.20000000e+00    1.19999998e+00    1.20000000e+00    4.96793928e-09    1.19999999e+00    5.54719117e-09
243      1.37319625e-07    5.85570017e-01    1.20000000e+00    1.20000000e+00    1.20000000e+00    1.19999998e+00    1.20000000e+00    4.70872830e-09    1.19999999e+00    5.52001663e-09
244      1.37654795e-07    6.12383638e-01    1.20000000e+00    1.20000000e+00    1.20000000e+00    1.19999998e+00    1.20000000e+00    4.49177084e-09    1.19999999e+00    5.65234402e-09
245      1.37686355e-07    6.14908363e-01    1.20000000e+00    1.20000000e+00    1.20000000e+00    1.19999998e+00    1.20000000e+00    4.47269824e-09    1.19999999e+00    5.68541788e-09
246      1.37749473e-07    6.19957815e-01    1.20000000e+00    1.20000000e+00    1.20000000e+00    1.19999998e+00    1.20000000e+00    4.43577115e-09    1.19999999e+00    5.77911721e-09
247      1.37812591e-07    6.25007267e-01    1.20000000e+00    1.20000000e+00    1.20000000e+00    1.19999998e+00    1.20000000e+00    4.40016112e-09    1.19999999e+00    5.93810797e-09
248      1.37875709e-07    6.30056718e-01    1.20000000e+00    1.20000000e+00    1.20000000e+00    1.19999998e+00    1.20000000e+00    4.36539159e-09    1.19999999e+00    6.18351064e-09
249      1.37938827e-07    6.35106170e-01    1.20000000e+00    1.20000000e+00    1.20000000e+00    1.19999998e+00    1.20000000e+00    4.33166687e-09    1.19999999e+00    6.54848300e-09
250      1.38001945e-07    6.40155621e-01    1.20000000e+00    1.20000000e+00    1.20000000e+00    1.19999998e+00    1.20000000e+00    4.29880619e-09    1.19999999e+00    7.09489996e-09
251      1.38065063e-07    6.45205073e-01    1.20000000e+00    1.20000000e+00    1.20000000e+00    1.19999999e+00    1.20000000e+00    4.26685697e-09    1.19999999e+00    7.94233995e-09
252      1.38128182e-07    6.50254524e-01    1.20000000e+00    1.20000000e+00    1.20000000e+00    1.19999999e+00    1.20000000e+00    4.23573220e-09    1.19999999e+00    9.35078520e-09
253      1.38191300e-07    6.55303976e-01    1.20000000e+00    1.20000000e+00    1.20000000e+00    1.19999999e+00    1.20000000e+00    4.20543219e-09    1.19999999e+00    1.82106160e-03
254      1.38200726e-07    6.56058072e-01    1.20000000e+00    1.20000000e+00    1.20000000e+00    1.19999999e+00    1.20000000e+00    4.20097632e-09    1.19999999e+00    3.23901226e-03
255      1.38219578e-07    6.57566264e-01    1.20000000e+00    1.20000000e+00    1.20000000e+00    1.19999998e+00    1.20000000e+00    4.19210709e-09    1.19999999e+00    8.70207086e-03
256      1.38257283e-07    6.60582649e-01    1.20000000e+00    1.20000000e+00    1.20000000e+00    1.19999998e+00    1.20000000e+00    4.17458322e-09    1.19999999e+00    4.46896530e-02
257      1.38262320e-07    6.60985579e-01    1.20000000e+00    1.20000000e+00    1.20000000e+00    1.19999998e+00    1.20000000e+00    4.17226379e-09    1.19999999e+00    5.33736646e-02
258      1.38267356e-07    6.61388509e-01    1.20000000e+00    1.20000000e+00    1.20000000e+00    1.19999998e+00    1.20000000e+00    4.16994717e-09    1.19999999e+00    6.27820612e-02
259      1.38277430e-07    6.62194370e-01    1.20000000e+00    1.20000000e+00    1.20000000e+00    1.19999998e+00    1.20000000e+00    4.16532934e-09    1.19999999e+00    8.63282599e-02
260      1.38287503e-07    6.63000230e-01    1.20000000e+00    1.20000000e+00    1.20000000e+00    1.19999998e+00    1.20000000e+00    4.16073054e-09    1.19999999e+00    1.16632929e-01
261      1.38297576e-07    6.63806091e-01    1.20000000e+00    1.20000000e+00    1.20000000e+00    1.19999998e+00    1.20000000e+00    4.15615068e-09    1.19999999e+00    1.54096915e-01
262      1.38307649e-07    6.64611952e-01    1.20000000e+00    1.20000000e+00    1.20000000e+00    1.19999998e+00    1.20000000e+00    4.15158943e-09    1.19999999e+00    1.99029581e-01
263      1.38317723e-07    6.65417812e-01    1.20000000e+00    1.20000000e+00    1.20000000e+00    1.19999998e+00    1.20000000e+00    4.14704668e-09    1.19999999e+00    2.51871257e-01
264      1.38327796e-07    6.66223673e-01    1.20000000e+00    1.20000000e+00    1.20000000e+00    1.19999998e+00    1.20000000e+00    4.14252225e-09    1.19999999e+00    3.13821614e-01
265      1.38337869e-07    6.67029533e-01    1.20000000e+00    1.20000000e+00    1.20000000e+00    1.19999997e+00    1.20000000e+00    4.13801622e-09    1.19999999e+00    3.86584571e-01
266      1.38347942e-07    6.67835394e-01    1.20000000e+00    1.20000000e+00    1.20000000e+00    1.19999996e+00    1.20000000e+00    4.13352819e-09    1.19999999e+00    4.72509432e-01
267      1.38358016e-07    6.68641255e-01    1.20000000e+00    1.20000000e+00    1.20000000e+00    1.19998314e+00    1.20000000e+00    4.12905835e-09    1.19999999e+00    5.76248981e-01
268      1.38359776e-07    6.68782104e-01    1.20000000e+00    1.20000000e+00    1.20000000e+00    1.19996791e+00    1.20000000e+00    4.12827916e-09    1.19999999e+00    5.97068735e-01
269      1.38361537e-07    6.68922953e-01    1.20000000e+00    1.20000000e+00    1.20000000e+00    1.19994375e+00    1.20000000e+00    4.12750026e-09    1.19999999e+00    6.18386203e-01
270      1.38365058e-07    6.69204652e-01    1.20000000e+00    1.20000000e+00    1.20000000e+00    1.19976266e+00    1.20000000e+00    4.12594412e-09    1.19999999e+00    6.64383568e-01
271      1.38368579e-07    6.69486350e-01    1.20000000e+00    1.20000000e+00    1.20000000e+00    1.19905593e+00    1.20000000e+00    4.12439019e-09    1.19999999e+00    7.15818408e-01
272      1.38372101e-07    6.69768049e-01    1.20000000e+00    1.20000000e+00    1.20000000e+00    1.19676975e+00    1.20000000e+00    4.12283846e-09    1.19999999e+00    7.73303000e-01
273      1.38375622e-07    6.70049748e-01    1.20000000e+00    1.20000000e+00    1.20000000e+00    1.19044206e+00    1.20000000e+00    4.12128895e-09    1.19999999e+00    8.36412286e-01
274      1.38379143e-07    6.70331446e-01    1.20000000e+00    1.20000000e+00    1.20000000e+00    1.17518973e+00    1.20000000e+00    4.11974153e-09    1.19999999e+00    9.03685548e-01
275      1.38382664e-07    6.70613145e-01    1.20000000e+00    1.20000000e+00    1.20000000e+00    1.14312786e+00    1.20000000e+00    4.11819632e-09    1.19999999e+00    9.70408750e-01
276      1.38386186e-07    6.70894844e-01    1.20000000e+00    1.20000000e+00    1.20000000e+00    1.08586993e+00    1.20000000e+00    4.11665331e-09    1.19999999e+00    1.03020548e+00
277      1.38389355e-07    6.71148373e-01    1.20000000e+00    1.20000000e+00    1.20000000e+00    1.01022599e+00    1.20000000e+00    4.11526640e-09    1.19999999e+00    1.07476479e+00
278      1.38392207e-07    6.71376548e-01    1.20000000e+00    1.20000000e+00    1.20000000e+00    9.25438606e-01    1.20000000e+00    4.11401971e-09    1.19999999e+00    1.10657473e+00
279      1.38395059e-07    6.71604724e-01    1.20000000e+00    1.20000000e+00    1.20000000e+00    8.29515051e-01    1.20000000e+00    4.11277437e-09    1.19999999e+00    1.13106121e+00
280      1.38397911e-07    6.71832900e-01    1.20000000e+00    1.20000000e+00    1.20000000e+00    7.26397452e-01    1.20000000e+00    4.11153048e-09    1.19999999e+00    1.14932644e+00
281      1.38400763e-07    6.72061076e-01    1.20000000e+00    1.20000000e+00    1.20000000e+00    6.20095497e-01    1.20000000e+00    4.11028800e-09    1.19999999e+00    1.16263829e+00
282      1.38401743e-07    6.72139460e-01    1.20000000e+00    1.20000000e+00    1.20000000e+00    5.84088916e-01    1.20000000e+00    4.10986157e-09    1.19999999e+00    1.16607877e+00
283      1.38403703e-07    6.72296227e-01    1.20000000e+00    1.20000000e+00    1.20000000e+00    5.14274711e-01    1.20000000e+00    4.10900905e-09    1.19999999e+00    1.17224448e+00
284      1.38405662e-07    6.72452995e-01    1.20000000e+00    1.20000000e+00    1.20000000e+00    4.49517869e-01    1.20000000e+00    4.10815720e-09    1.19999999e+00    1.17711903e+00
285      1.38407622e-07    6.72609763e-01    1.20000000e+00    1.20000000e+00    1.20000000e+00    3.90737431e-01    1.20000000e+00    4.10730599e-09    1.19999999e+00    1.18095702e+00
286      1.38409582e-07    6.72766530e-01    1.20000000e+00    1.20000000e+00    1.20000000e+00    3.38181885e-01    1.20000000e+00    4.10645544e-09    1.19999999e+00    1.18397095e+00
287      1.38411541e-07    6.72923298e-01    1.20000000e+00    1.20000000e+00    1.20000000e+00    2.91674350e-01    1.20000000e+00    4.10560558e-09    1.19999999e+00    1.18633765e+00
288      1.38413501e-07    6.73080065e-01    1.20000000e+00    1.20000000e+00    1.20000000e+00    2.50812163e-01    1.20000000e+00    4.10475637e-09    1.19999999e+00    1.18820057e+00
289      1.38415460e-07    6.73236833e-01    1.20000000e+00    1.20000000e+00    1.20000000e+00    2.15100026e-01    1.20000000e+00    4.10390783e-09    1.19999999e+00    1.18967393e+00
290      1.38419380e-07    6.73550368e-01    1.20000000e+00    1.20000000e+00    1.20000000e+00    1.56911898e-01    1.20000000e+00    4.10221269e-09    1.19999999e+00    1.19181326e+00
291      1.38423299e-07    6.73863903e-01    1.20000000e+00    1.20000000e+00    1.20000000e+00    1.13535480e-01    1.20000000e+00    4.10052018e-09    1.19999999e+00    1.19321147e+00
292      1.38427218e-07    6.74177438e-01    1.20000000e+00    1.20000000e+00    1.20000000e+00    8.15830879e-02    1.20000000e+00    4.09883028e-09    1.19999999e+00    1.19417552e+00
293      1.38431137e-07    6.74490973e-01    1.20000000e+00    1.20000000e+00    1.20000000e+00    5.83104534e-02    1.20000000e+00    4.09714300e-09    1.19999999e+00    1.19488024e+00
294      1.38435056e-07    6.74804508e-01    1.20000000e+00    1.20000000e+00    1.20000000e+00    4.15099728e-02    1.20000000e+00    4.09545828e-09    1.19999999e+00    1.19542453e+00
295      1.38438976e-07    6.75118043e-01    1.20000000e+00    1.20000000e+00    1.20000000e+00    2.94628186e-02    1.20000000e+00    4.09377616e-09    1.19999999e+00    1.19586455e+00
296      1.38446814e-07    6.75745113e-01    1.20000000e+00    1.20000000e+00    1.20000000e+00    1.44529386e-02    1.20000000e+00    4.09041973e-09    1.19999999e+00    1.19655321e+00
297      1.38462491e-07    6.76999254e-01    1.20000000e+00    1.20000000e+00    1.20000000e+00    2.67026121e-03    1.20000000e+00    4.08373779e-09    1.19999999e+00    1.19749053e+00
298      1.38493844e-07    6.79507535e-01    1.20000000e+00    1.20000000e+00    1.20000000e+00   -4.30671627e-04    1.20000000e+00    4.07049588e-09    1.19999999e+00    1.19852582e+00
299      1.38522062e-07    6.81764987e-01    1.20000000e+00    1.20000000e+00    1.20000000e+00    4.78813833e-05    1.20000000e+00    4.05871570e-09    1.19999999e+00    1.19899681e+00
300      1.38550280e-07    6.84022440e-01    1.20000000e+00    1.20000000e+00    1.20000000e+00   -5.23251472e-06    1.20000000e+00    4.04706310e-09    1.19999999e+00    1.19928219e+00
301      1.38578499e-07    6.86279892e-01    1.20000000e+00    1.20000000e+00    1.20000000e+00    5.10587930e-07    1.20000000e+00    4.03553641e-09    1.19999999e+00    1.19946289e+00
302      1.38606717e-07    6.88537345e-01    1.20000000e+00    1.20000000e+00    1.20000000e+00    1.27878342e-08    1.20000000e+00    4.02413351e-09    1.19999999e+00    1.19959050e+00
303      1.38634935e-07    6.90794798e-01    1.20000000e+00    1.20000000e+00    1.20000000e+00   -4.52946024e-08    1.20000000e+00    4.01285225e-09    1.19999999e+00    1.19968253e+00
304      1.38691371e-07    6.95309703e-01    1.20000000e+00    1.20000000e+00    1.20000000e+00    5.45866779e-08    1.20000000e+00    3.99064725e-09    1.19999999e+00    1.19980464e+00
305      1.38747808e-07    6.99824608e-01    1.20000000e+00    1.20000000e+00    1.20000000e+00   -3.92250299e-08    1.20000000e+00    3.96890695e-09    1.19999999e+00    1.19986678e+00
306      1.38860680e-07    7.08854419e-01    1.20000000e+00    1.20000000e+00    1.20000000e+00    4.85182364e-08    1.20000000e+00    3.92676070e-09    1.19999999e+00    1.19991942e+00
307      1.38973553e-07    7.17884230e-01    1.20000000e+00    1.20000000e+00    1.20000000e+00   -3.48913451e-08    1.20000000e+00    3.88630781e-09    1.19999999e+00    1.19994503e+00
308      1.39199298e-07    7.35943851e-01    1.20000000e+00    1.20000000e+00    1.20000000e+00    4.52753390e-08    1.20000000e+00    3.81008040e-09    1.19999999e+00    1.19997105e+00
309      1.39650789e-07    7.72063093e-01    1.20000000e+00    1.20000000e+00    1.20000000e+00   -3.32883683e-08    1.20000000e+00    3.67400830e-09    1.19999999e+00    1.19998775e+00
310      1.40553770e-07    8.44301578e-01    1.20000000e+00    1.20000000e+00    1.20000000e+00    4.44802196e-08    1.20000000e+00    3.45301039e-09    1.19999999e+00    1.19999644e+00
311      1.41456751e-07    9.16540062e-01    1.20000000e+00    1.20000000e+00    1.20000000e+00   -3.27606093e-08    1.20000000e+00    3.28124929e-09    1.19999999e+00    1.19999771e+00
312      1.43262713e-07    1.06101703e+00    1.20000000e+00    1.20000000e+00    1.20000000e+00    4.40851048e-08    1.20000000e+00    3.03149376e-09    1.19999999e+00    1.19999953e+00
313      1.45000000e-07    1.20000000e+00    1.20000000e+00    1.20000000e+00    1.20000000e+00   -3.24927522e-08    1.20000000e+00    2.86432944e-09    1.19999999e+00    1.19999893e+00
314      1.45361192e-07    1.20000000e+00    1.20000000e+00    1.20000000e+00    1.20000000e+00    5.56447957e-09    1.20000000e+00    2.86396858e-09    1.19999999e+00    1.19999936e+00
315      1.46083577e-07    1.20000000e+00    1.20000000e+00    1.20000000e+00    1.20000000e+00    5.72770432e-09    1.20000000e+00    2.86396221e-09    1.19999999e+00    1.19999952e+00
316      1.47528347e-07    1.20000000e+00    1.20000000e+00    1.20000000e+00    1.20000000e+00    5.72815105e-09    1.20000000e+00    2.86396190e-09    1.19999999e+00    1.19999972e+00
317      1.50417886e-07    1.20000000e+00    1.20000000e+00    1.20000000e+00    1.20000000e+00    5.72769755e-09    1.20000000e+00    2.86396234e-09    1.19999999e+00    1.19999987e+00
318      1.56196965e-07    1.20000000e+00    1.20000000e+00    1.20000000e+00    1.20000000e+00    5.72815275e-09    1.20000000e+00    2.86396189e-09    1.19999999e+00    1.19999995e+00
319      1.65000000e-07    1.20000000e+00    1.20000000e+00    1.20000000e+00    1.20000000e+00    5.72769550e-09    1.20000000e+00    2.86396234e-09    1.19999999e+00    1.19999998e+00
320      1.65305679e-07    1.20000000e+00    1.20000000e+00    1.20000000e+00    1.17554565e+00    5.72792812e-09    1.20000000e+00    2.88893157e-09    1.20000000e+00    1.19999998e+00
321      1.65548722e-07    1.20000000e+00    1.20000000e+00    1.20000000e+00    1.15610225e+00    5.72792465e-09    1.20000000e+00    2.91030006e-09    1.20000000e+00    1.19999998e+00
322      1.66034807e-07    1.20000000e+00    1.20000000e+00    1.20000000e+00    1.11721545e+00    5.72792424e-09    1.20000000e+00    2.95596982e-09    1.20000000e+00    1.19999998e+00
323      1.67006977e-07    1.20000000e+00    1.20000000e+00    1.20000000e+00    1.03944184e+00    5.72792443e-09    1.20000000e+00    3.06118515e-09    1.20000000e+00    1.19999998e+00
324      1.68951317e-07    1.20000000e+00    1.20000000e+00    1.20000000e+00    8.83894638e-01    5.72792442e-09    1.20000000e+00    3.35084651e-09    1.20000000e+00    1.19999998e+00
325      1.69923487e-07    1.20000000e+00    1.20000000e+00    1.20000000e+00    8.06121035e-01    5.72792438e-09    1.20000000e+00    3.55837624e-09    1.20000000e+00    1.19999998e+00
326      1.70409572e-07    1.20000000e+00    1.20000000e+00    1.20000000e+00    7.67234234e-01    5.72792438e-09    1.20000000e+00    3.68590995e-09    1.20000000e+00    1.19999998e+00
327      1.71381742e-07    1.20000000e+00    1.20000000e+00    1.20000000e+00    6.89460630e-01    5.72792440e-09    1.20000000e+00    4.01078325e-09    1.20000000e+00    1.19999998e+00
328      1.71624785e-07    1.20000000e+00    1.20000000e+00    1.20000000e+00    6.70017230e-01    5.72792438e-09    1.20000000e+00    4.11199863e-09    1.20000000e+00    1.19999998e+00
329      1.71717848e-07    1.20000000e+00    1.20000000e+00    1.20000000e+00    6.62572169e-01    5.72792437e-09    1.20000000e+00    4.15306117e-09    1.20000000e+00    1.19999998e+00
330      1.71810911e-07    1.20000000e+00    1.20000000e+00    1.20000000e+00    6.55127108e-01    5.72792439e-09    1.20000000e+00    4.19559578e-09    1.20000000e+00    1.19999998e+00
331      1.71997038e-07    1.20000000e+00    1.20000000e+00    1.20000000e+00    6.40236987e-01    5.72792439e-09    1.20000000e+00    4.28633315e-09    1.20000000e+00    1.19999998e+00
332      1.72164552e-07    1.20000000e+00    1.20000000e+00    1.20000000e+00    6.26835878e-01    5.72792439e-09    1.20000000e+00    4.37410141e-09    1.20000000e+00    1.19999998e+00
333      1.72315314e-07    1.20000000e+00    1.20000000e+00    1.20000000e+00    6.14774880e-01    5.72792439e-09    1.20000000e+00    4.45899709e-09    1.20000000e+00    1.19999998e+00
334      1.72451000e-07    1.20000000e+00    1.20000000e+00    1.20000000e+00    6.03919982e-01    5.72792439e-09    1.20000000e+00    4.54041831e-09    1.20000000e+00    1.19999998e+00
335      1.72573118e-07    1.20000000e+00    1.20000000e+00    1.20000000e+00    5.94150573e-01    5.72792439e-09    1.20000000e+00    4.61834103e-09    1.20000000e+00    1.19999998e+00
336      1.72695235e-07    1.20000000e+00    1.20000000e+00    1.20000000e+00    5.84381165e-01    5.72792439e-09    1.20000000e+00    4.70095338e-09    1.20000000e+00    1.19999998e+00
337      1.72708893e-07    1.20000000e+00    1.20000000e+00    1.20000000e+00    5.83288527e-01    5.72792438e-09    1.20000000e+00    4.71052711e-09    1.20000000e+00    1.19999998e+00
338      1.72736209e-07    1.20000000e+00    1.20000000e+00    1.20000000e+00    5.81103251e-01    5.72792439e-09    1.20000000e+00    4.72981681e-09    1.20000000e+00    1.19999998e+00
339      1.72763525e-07    1.20000000e+00    1.20000000e+00    1.20000000e+00    5.78917974e-01    5.72792439e-09    1.20000000e+00    4.74938801e-09    1.20000000e+00    1.19999998e+00
340      1.72790841e-07    1.20000000e+00    1.20000000e+00    1.20000000e+00    5.76732698e-01    5.72792439e-09    1.20000000e+00    4.76923389e-09    1.19999999e+00    1.19999998e+00
341      1.72818157e-07    1.20000000e+00    1.20000000e+00    1.20000000e+00    5.74547422e-01    5.72792439e-09    1.20000000e+00    4.78935771e-09    1.19999999e+00    1.19999998e+00
342      1.72872789e-07    1.20000000e+00    1.20000000e+00    1.20000000e+00    5.70176870e-01    5.72792439e-09    1.20000000e+00    4.83046561e-09    1.19999999e+00    1.19999998e+00
343      1.72927421e-07    1.20000000e+00    1.20000000e+00    1.20000000e+00    5.65806318e-01    5.72792440e-09    1.20000000e+00    4.87275727e-09    1.19999999e+00    1.19999998e+00
344      1.72982053e-07    1.20000000e+00    1.20000000e+00    1.20000000e+00    5.61435766e-01    5.72792440e-09    1.20000000e+00    4.91628695e-09    1.19999999e+00    1.19999998e+00
345      1.73036685e-07    1.20000000e+00    1.20000000e+00    1.20000000e+00    5.57065213e-01    5.72792440e-09    1.20000000e+00    4.96110876e-09    1.19999999e+00    1.19999998e+00
346      1.73091317e-07    1.20000000e+00    1.20000000e+00    1.20000000e+00    5.52694661e-01    5.72792441e-09    1.20000000e+00    5.00728128e-09    1.19999999e+00    1.19999998e+00
347      1.73145949e-07    1.20000000e+00    1.20000000e+00    1.20000000e+00    5.48324109e-01    5.72792442e-09    1.20000000e+00    5.05486569e-09    1.19999999e+00    1.19999998e+00
348      1.73200581e-07    1.20000000e+00    1.20000000e+00    1.20000000e+00    5.43953557e-01    5.72792443e-09    1.20000000e+00    5.10392810e-09    1.19999999e+00    1.19999998e+00
349      1.73255212e-07    1.20000000e+00    1.20000000e+00    1.20000000e+00    5.39583005e-01    5.72805230e-09    1.20000000e+00    5.15453743e-09    1.19995956e+00    1.19999998e+00
350      1.73264859e-07    1.20000000e+00    1.20000000e+00    1.20000000e+00    5.38811308e-01    5.72819518e-09    1.20000000e+00    5.16365714e-09    1.19990616e+00    1.19999998e+00
351      1.73284151e-07    1.20000000e+00    1.20000000e+00    1.20000000e+00    5.37267915e-01    5.72922579e-09    1.20000000e+00    5.18200217e-09    1.19951234e+00    1.19999998e+00
352      1.73322736e-07    1.20000000e+00    1.20000000e+00    1.20000000e+00    5.34181129e-01    5.76144331e-09    1.20000000e+00    5.21933659e-09    1.18890874e+00    1.19999998e+00
353      1.73328136e-07    1.20000000e+00    1.20000000e+00    1.20000000e+00    5.33749096e-01    5.77334521e-09    1.20000000e+00    5.22463759e-09    1.18495392e+00    1.19999998e+00
354      1.73333537e-07    1.20000000e+00    1.20000000e+00    1.20000000e+00    5.33317062e-01    5.78740445e-09    1.20000000e+00    5.22994682e-09    1.18023841e+00    1.19999998e+00
355      1.73344338e-07    1.20000000e+00    1.20000000e+00    1.20000000e+00    5.32452996e-01    5.83424302e-09    1.20000000e+00    5.24061679e-09    1.16480932e+00    1.19999998e+00
356      1.73355138e-07    1.20000000e+00    1.20000000e+00    1.20000000e+00    5.31588929e-01    5.91995369e-09    1.20000000e+00    5.25135652e-09    1.13848170e+00    1.19999998e+00
357      1.73365939e-07    1.20000000e+00    1.20000000e+00    1.20000000e+00    5.30724862e-01    6.06621224e-09    1.20000000e+00    5.26216596e-09    1.09880139e+00    1.19999998e+00
358      1.73376740e-07    1.20000000e+00    1.20000000e+00    1.20000000e+00    5.29860795e-01    6.30130724e-09    1.20000000e+00    5.27304570e-09    1.04445608e+00    1.19999998e+00
359      1.73387541e-07    1.20000000e+00    1.20000000e+00    1.20000000e+00    5.28996728e-01    6.67481548e-09    1.20000000e+00    5.28399604e-09    9.73266739e-01    1.19999998e+00
360      1.73398342e-07    1.20000000e+00    1.20000000e+00    1.20000000e+00    5.28132662e-01    7.28969199e-09    1.20000000e+00    5.29501772e-09    8.82378416e-01    1.19999998e+00
361      1.73409143e-07    1.20000000e+00    1.20000000e+00    1.20000000e+00    5.27268595e-01    8.38754999e-09    1.20000000e+00    5.30611127e-09    7.68716426e-01    1.19999998e+00
362      1.73419943e-07    1.20000000e+00    1.20000000e+00    1.20000000e+00    5.26404528e-01    3.92510346e-03    1.20000000e+00    5.31727741e-09    6.31766732e-01    1.19999998e+00
363      1.73421639e-07    1.20000000e+00    1.20000000e+00    1.20000000e+00    5.26268878e-01    6.26426542e-03    1.20000000e+00    5.31903788e-09    6.08553054e-01    1.19999998e+00
364      1.73425030e-07    1.20000000e+00    1.20000000e+00    1.20000000e+00    5.25997578e-01    1.42325940e-02    1.20000000e+00    5.32256242e-09    5.62633792e-01    1.19999998e+00
365      1.73428422e-07    1.20000000e+00    1.20000000e+00    1.20000000e+00    5.25726277e-01    3.04073743e-02    1.20000000e+00    5.32609421e-09    5.17884814e-01    1.19999998e+00
366      1.73431813e-07    1.20000000e+00    1.20000000e+00    1.20000000e+00    5.25454977e-01    5.72699909e-02    1.20000000e+00    5.32963331e-09    4.74355894e-01    1.19999998e+00
367      1.73435204e-07    1.20000000e+00    1.20000000e+00    1.20000000e+00    5.25183676e-01    9.66468125e-02    1.20000000e+00    5.33317969e-09    4.31754931e-01    1.19999998e+00
368      1.73438595e-07    1.20000000e+00    1.20000000e+00    1.20000000e+00    5.24912376e-01    1.50537723e-01    1.20000000e+00    5.33673342e-09    3.89831094e-01    1.19999998e+00
369      1.73441987e-07    1.20000000e+00    1.20000000e+00    1.20000000e+00    5.24641075e-01    2.20930229e-01    1.20000000e+00    5.34029452e-09    3.48650197e-01    1.19999998e+00
370      1.73445378e-07    1.20000000e+00    1.20000000e+00    1.20000000e+00    5.24369775e-01    3.09585772e-01    1.20000000e+00    5.34386304e-09    3.08602014e-01    1.19999999e+00
371      1.73448769e-07    1.20000000e+00    1.20000000e+00    1.20000000e+00    5.24098474e-01    4.17865765e-01    1.20000000e+00    5.34743894e-09    2.70253044e-01    1.19999999e+00
372      1.73452160e-07    1.20000000e+00    1.20000000e+00    1.20000000e+00    5.23827174e-01    5.46589023e-01    1.20000000e+00    5.35102223e-09    2.34185487e-01    1.19999999e+00
373      1.73455552e-07    1.20000000e+00    1.20000000e+00    1.20000000e+00    5.23555873e-01    6.95962738e-01    1.20000000e+00    5.35461300e-09    2.00881038e-01    1.19999999e+00
374      1.73458943e-07    1.20000000e+00    1.20000000e+00    1.20000000e+00    5.23284573e-01    8.54736182e-01    1.20000000e+00    5.35821120e-09    1.70664188e-01    1.19999999e+00
375      1.73459579e-07    1.20000000e+00    1.20000000e+00    1.20000000e+00    5.23233653e-01    8.83399454e-01    1.20000000e+00    5.35888751e-09    1.65408040e-01    1.19999999e+00
376      1.73460852e-07    1.20000000e+00    1.20000000e+00    1.20000000e+00    5.23131813e-01    9.38142067e-01    1.20000000e+00    5.36024063e-09    1.55127201e-01    1.19999999e+00
377      1.73463398e-07    1.20000000e+00    1.20000000e+00    1.20000000e+00    5.22928133e-01    1.02956987e+00    1.20000000e+00    5.36295009e-09    1.35950628e-01    1.19999999e+00
378      1.73465944e-07    1.20000000e+00    1.20000000e+00    1.20000000e+00    5.22724454e-01    1.09545709e+00    1.20000000e+00    5.36566377e-09    1.18597711e-01    1.19999999e+00
379      1.73468490e-07    1.20000000e+00    1.20000000e+00    1.20000000e+00    5.22520774e-01    1.13876405e+00    1.20000000e+00    5.36838169e-09    1.03011478e-01    1.19999999e+00
380      1.73471036e-07    1.20000000e+00    1.20000000e+00    1.20000000e+00    5.22317094e-01    1.16534973e+00    1.20000000e+00    5.37110389e-09    8.91079510e-02    1.19999999e+00
381      1.73473582e-07    1.20000000e+00    1.20000000e+00    1.20000000e+00    5.22113415e-01    1.18088964e+00    1.20000000e+00    5.37383034e-09    7.67838750e-02    1.19999999e+00
382      1.73476128e-07    1.20000000e+00    1.20000000e+00    1.20000000e+00    5.21909735e-01    1.18966144e+00    1.20000000e+00    5.37656105e-09    6.59235559e-02    1.19999999e+00
383      1.73481220e-07    1.20000000e+00    1.20000000e+00    1.20000000e+00    5.21502376e-01    1.19749042e+00    1.20000000e+00    5.38203539e-09    4.80486057e-02    1.19999999e+00
384      1.73486312e-07    1.20000000e+00    1.20000000e+00    1.20000000e+00    5.21095016e-01    1.19942807e+00    1.20000000e+00    5.38752698e-09    3.45767661e-02    1.19999999e+00
385      1.73491404e-07    1.20000000e+00    1.20000000e+00    1.20000000e+00    5.20687657e-01    1.19987525e+00    1.20000000e+00    5.39303583e-09    2.45929622e-02    1.19999999e+00
386      1.73501588e-07    1.20000000e+00    1.20000000e+00    1.20000000e+00    5.19872939e-01    1.20001609e+00    1.20000000e+00    5.40410583e-09    1.18159094e-02    1.19999999e+00
387      1.73511772e-07    1.20000000e+00    1.20000000e+00    1.20000000e+00    5.19058220e-01    1.19999776e+00    1.20000000e+00    5.41524610e-09    5.42653373e-03    1.19999999e+00
388      1.73521956e-07    1.20000000e+00    1.20000000e+00    1.20000000e+00    5.18243501e-01    1.20000032e+00    1.20000000e+00    5.42645708e-09    2.40094977e-03    1.19999999e+00
389      1.73542324e-07    1.20000000e+00    1.20000000e+00    1.20000000e+00    5.16614064e-01    1.19999985e+00    1.20000000e+00    5.44909473e-09    2.64455798e-04    1.19999999e+00
390      1.73562692e-07    1.20000000e+00    1.20000000e+00    1.20000000e+00    5.14984627e-01    1.20000007e+00    1.20000000e+00    5.47202381e-09    2.20938282e-05    1.19999999e+00
391      1.73583060e-07    1.20000000e+00    1.20000000e+00    1.20000000e+00    5.13355190e-01    1.19999997e+00    1.20000000e+00    5.49524995e-09    1.57340212e-06    1.19999999e+00
392      1.73603428e-07    1.20000000e+00    1.20000000e+00    1.20000000e+00    5.11725752e-01    1.20000001e+00    1.20000000e+00    5.51877932e-09    5.25920962e-08    1.19999999e+00
393      1.73644164e-07    1.20000000e+00    1.20000000e+00    1.20000000e+00    5.08466878e-01    1.19999999e+00    1.20000000e+00    5.56677228e-09    1.68613923e-08    1.19999999e+00
394      1.73684900e-07    1.20000000e+00    1.20000000e+00    1.20000000e+00    5.05208003e-01    1.20000001e+00    1.20000000e+00    5.61604945e-09   -1.77832245e-08    1.19999999e+00
395      1.73766372e-07    1.20000000e+00    1.20000000e+00    1.20000000e+00    4.98690254e-01    1.19999999e+00    1.20000000e+00    5.70534967e-09    3.02695049e-08    1.19999999e+00
396      1.73847844e-07    1.20000000e+00    1.20000000e+00    1.20000000e+00    4.92172505e-01    1.20000000e+00    1.20000000e+00    5.73468966e-09   -1.80954959e-08    1.19999999e+00
397      1.74010787e-07    1.20000000e+00    1.20000000e+00    1.20000000e+00    4.79137007e-01    1.19999999e+00    1.20000000e+00    5.72406567e-09    2.90163518e-08    1.19999999e+00
398      1.74336675e-07    1.20000000e+00    1.20000000e+00    1.20000000e+00    4.53066011e-01    1.20000000e+00    1.20000000e+00    5.73084381e-09   -1.72583518e-08    1.19999999e+00
399      1.74988450e-07    1.20000000e+00    1.20000000e+00    1.20000000e+00    4.00924019e-01    1.19999999e+00    1.20000000e+00    5.72538582e-09    2.85596053e-08    1.19999999e+00
400      1.75640225e-07    1.20000000e+00    1.20000000e+00    1.20000000e+00    3.48782027e-01    1.20000000e+00    1.20000000e+00    5.73012953e-09   -1.68935890e-08    1.19999999e+00
401      1.76943774e-07    1.20000000e+00    1.20000000e+00    1.20000000e+00    2.44498043e-01    1.19999999e+00    1.20000000e+00    5.72586943e-09    2.82673723e-08    1.19999999e+00
402      1.78247324e-07    1.20000000e+00    1.20000000e+00    1.20000000e+00    1.40214059e-01    1.20000000e+00    1.20000000e+00    5.72983852e-09   -1.67287063e-08    1.19999999e+00
403      1.80000000e-07    1.20000000e+00    1.20000000e+00    1.20000000e+00    0.00000000e+00    1.20000000e+00    1.20000000e+00    5.72610854e-09    2.81117259e-08    1.19999999e+00
404      1.80260710e-07    1.20000000e+00    1.20000000e+00    1.20000000e+00    0.00000000e+00    1.20000000e+00    1.20000000e+00    5.72777513e-09    5.83436339e-09    1.19999999e+00
405      1.80782130e-07    1.20000000e+00    1.20000000e+00    1.20000000e+00    0.00000000e+00    1.20000000e+00    1.20000000e+00    5.72791824e-09    5.72731154e-09    1.19999999e+00
406      1.81824970e-07    1.20000000e+00    1.20000000e+00    1.20000000e+00    0.00000000e+00    1.20000000e+00    1.20000000e+00    5.72792966e-09    5.72756001e-09    1.19999999e+00
407      1.83910649e-07    1.20000000e+00    1.20000000e+00    1.20000000e+00    0.00000000e+00    1.20000000e+00    1.20000000e+00    5.72791904e-09    5.72829410e-09    1.19999999e+00
408      1.88082009e-07    1.20000000e+00    1.20000000e+00    1.20000000e+00    0.00000000e+00    1.20000000e+00    1.20000000e+00    5.72792937e-09    5.72756004e-09    1.19999999e+00
409      1.96424727e-07    1.20000000e+00    1.20000000e+00    1.20000000e+00    0.00000000e+00    1.20000000e+00    1.20000000e+00    5.72791931e-09    5.72829005e-09    1.19999999e+00
410      2.13110165e-07    1.20000000e+00    1.20000000e+00    1.20000000e+00    0.00000000e+00    1.20000000e+00    1.20000000e+00    5.72792900e-09    5.72755943e-09    1.19999999e+00
411      2.38110165e-07    1.20000000e+00    1.20000000e+00    1.20000000e+00    0.00000000e+00    1.20000000e+00    1.20000000e+00    5.72791950e-09    5.72828932e-09    1.19999999e+00
412      2.50000000e-07    1.20000000e+00    1.20000000e+00    1.20000000e+00    0.00000000e+00    1.20000000e+00    1.20000000e+00    5.72792899e-09    5.72755973e-09    1.19999999e+00
End of Xyce(TM) Simulation
