state	MRED	PDP
7,7,7,7,7,7,6,5,5	0.060254	192.719635
7,7,7,7,7,7,6,5,5	0.060254	192.719635
7,7,7,7,7,7,6,5,5	0.060254	192.719635
7,7,7,7,7,7,6,5,5	0.060254	192.719635
7,7,7,7,7,7,6,5,5	0.060254	192.719635
7,7,7,7,7,7,6,5,5	0.060254	192.719635
7,7,7,7,7,7,6,5,5	0.060254	192.719635
7,7,7,7,7,7,6,6,5	0.058783	192.744604
7,7,7,7,7,7,5,6,5	0.057222	192.857874
7,7,7,7,7,7,5,6,5	0.057222	192.857874
7,7,7,7,7,7,5,6,5	0.057222	192.857874
7,7,7,7,7,7,6,3,5	0.055796	192.952344
7,7,7,7,7,7,6,3,5	0.055796	192.952344
7,7,7,7,7,7,6,3,5	0.055796	192.952344
7,6,7,7,7,7,6,6,5	0.052863	192.952876
7,6,7,7,7,7,6,6,5	0.052863	192.952876
7,6,7,7,7,7,6,6,5	0.052863	192.952876
7,6,7,7,7,7,5,6,5	0.051648	193.087978
7,6,7,7,7,7,5,6,5	0.051648	193.087978
7,6,7,7,7,7,5,6,5	0.051648	193.087978
7,5,7,7,7,7,6,5,5	0.049232	193.174797
7,5,7,7,7,7,6,5,5	0.049232	193.174797
7,5,7,7,7,7,6,5,5	0.049232	193.174797
7,5,7,7,7,7,6,5,5	0.049232	193.174797
7,5,7,7,7,7,6,5,5	0.049232	193.174797
7,5,7,7,7,7,6,5,5	0.049232	193.174797
7,5,7,7,7,7,6,5,5	0.049232	193.174797
7,5,7,7,7,7,6,5,5	0.049232	193.174797
7,5,7,7,7,7,6,5,5	0.049232	193.174797
7,5,7,7,7,7,6,6,5	0.048424	193.186402
7,5,7,7,7,7,5,5,5	0.048171	193.315748
7,5,7,7,7,7,5,5,5	0.048171	193.315748
7,5,7,7,7,7,5,5,5	0.048171	193.315748
7,5,7,7,7,7,5,5,5	0.048171	193.315748
7,5,7,7,7,7,5,5,5	0.048171	193.315748
7,5,7,7,7,7,5,5,5	0.048171	193.315748
7,5,7,7,7,7,5,5,5	0.048171	193.315748
7,5,7,7,7,7,5,5,5	0.048171	193.315748
7,5,7,7,7,7,5,5,5	0.048171	193.315748
7,5,7,7,7,7,5,5,5	0.048171	193.315748
7,5,7,7,7,7,5,5,5	0.048171	193.315748
7,5,7,7,7,7,5,5,5	0.048171	193.315748
7,5,7,7,7,7,5,5,5	0.048171	193.315748
7,5,7,7,7,7,5,5,5	0.048171	193.315748
7,5,7,7,7,7,5,5,5	0.048171	193.315748
7,5,7,7,7,7,5,5,5	0.048171	193.315748
7,5,7,7,7,7,5,5,5	0.048171	193.315748
7,5,7,7,7,7,5,5,5	0.048171	193.315748
7,5,7,7,7,7,5,5,5	0.048171	193.315748
7,5,7,7,7,7,5,5,5	0.048171	193.315748
7,5,7,7,7,7,5,5,5	0.048171	193.315748
7,5,7,7,7,7,5,5,5	0.048171	193.315748
7,5,7,7,7,7,5,5,5	0.048171	193.315748
7,5,7,7,7,7,5,5,5	0.048171	193.315748
7,5,7,7,7,7,5,5,5	0.048171	193.315748
7,5,7,7,7,7,5,5,5	0.048171	193.315748
7,5,7,7,7,7,5,5,5	0.048171	193.315748
7,5,7,7,7,7,5,5,5	0.048171	193.315748
7,5,7,7,7,7,5,5,5	0.048171	193.315748
7,5,7,7,7,7,5,5,5	0.048171	193.315748
7,5,7,7,7,7,5,5,5	0.048171	193.315748
7,5,7,7,7,7,5,5,5	0.048171	193.315748
7,5,7,7,7,7,5,5,5	0.048171	193.315748
7,5,7,7,7,7,5,5,5	0.048171	193.315748
7,5,7,7,7,7,5,5,5	0.048171	193.315748
7,5,7,7,7,7,5,5,5	0.048171	193.315748
7,5,7,7,7,7,5,5,5	0.048171	193.315748
7,5,7,7,7,7,5,5,5	0.048171	193.315748
7,5,7,7,7,7,5,5,5	0.048171	193.315748
7,5,7,7,7,7,5,5,5	0.048171	193.315748
7,5,7,7,7,7,5,5,5	0.048171	193.315748
7,5,7,7,7,7,5,5,5	0.048171	193.315748
7,5,7,7,7,7,5,5,5	0.048171	193.315748
7,5,7,7,7,7,5,5,5	0.048171	193.315748
7,5,7,7,7,7,5,5,5	0.048171	193.315748
7,5,7,7,7,7,5,6,5	0.047393	193.330847
7,5,7,7,7,7,5,6,5	0.047393	193.330847
7,5,7,7,7,7,5,6,5	0.047393	193.330847
7,5,7,7,7,7,5,6,5	0.047393	193.330847
7,5,7,7,7,7,5,6,5	0.047393	193.330847
7,5,7,7,7,7,5,6,5	0.047393	193.330847
7,5,7,7,7,7,5,6,5	0.047393	193.330847
7,5,7,7,7,7,5,6,5	0.047393	193.330847
7,5,7,7,7,7,5,6,5	0.047393	193.330847
7,5,7,7,7,7,5,6,5	0.047393	193.330847
7,5,7,7,7,7,5,6,5	0.047393	193.330847
7,5,7,7,7,7,6,4,5	0.045960	193.666397
7,5,7,7,7,7,6,4,5	0.045960	193.666397
7,5,7,7,7,7,6,4,5	0.045960	193.666397
7,5,7,7,7,7,5,4,5	0.045431	193.972249
7,5,7,7,7,7,5,4,5	0.045431	193.972249
7,5,7,7,7,7,5,4,5	0.045431	193.972249
7,5,7,7,7,7,5,4,5	0.045431	193.972249
6,5,7,7,7,7,6,6,5	0.045006	194.001116
6,5,7,7,7,7,6,6,5	0.045006	194.001116
6,5,7,7,7,7,6,6,5	0.045006	194.001116
6,5,7,7,7,7,5,6,5	0.044840	194.161373
6,6,7,7,7,7,6,4,5	0.044523	194.251166
7,5,7,7,7,6,6,4,5	0.044241	194.282786
7,5,7,7,7,6,6,4,5	0.044241	194.282786
7,5,7,7,7,5,6,4,5	0.043828	194.368014
7,5,7,7,7,5,6,4,5	0.043828	194.368014
6,5,7,7,7,7,6,4,5	0.042107	194.605400
6,5,7,7,7,7,6,4,5	0.042107	194.605400
6,5,7,7,7,7,6,4,5	0.042107	194.605400
7,6,6,6,7,7,6,5,5	0.038897	194.977549
7,6,6,6,7,7,6,6,5	0.035379	194.999151
7,6,6,6,7,7,6,4,5	0.033334	196.222313
7,6,6,6,7,7,6,4,5	0.033334	196.222313
6,6,6,6,7,7,6,6,5	0.027741	196.785606
6,6,6,6,7,7,6,6,5	0.027741	196.785606
6,6,6,6,7,7,6,6,5	0.027741	196.785606
6,6,6,6,7,7,6,6,5	0.027741	196.785606
6,4,6,6,7,7,6,6,5	0.027168	198.117695
6,6,6,6,6,7,6,6,5	0.026890	198.203993
6,6,6,6,6,7,6,6,5	0.026890	198.203993
7,6,6,6,7,7,6,6,6	0.026391	198.627966
7,6,6,6,7,7,6,6,6	0.026391	198.627966
7,6,6,6,7,7,6,6,6	0.026391	198.627966
7,6,6,6,7,7,6,6,6	0.026391	198.627966
7,6,6,6,7,7,6,6,6	0.026391	198.627966
7,6,6,6,7,7,6,6,6	0.026391	198.627966
7,6,6,6,7,7,6,6,6	0.026391	198.627966
7,6,6,6,7,7,6,6,6	0.026391	198.627966
7,6,6,6,7,7,6,6,6	0.026391	198.627966
7,6,6,6,7,7,6,6,6	0.026391	198.627966
7,6,6,6,7,7,6,6,6	0.026391	198.627966
7,6,6,6,7,7,6,6,6	0.026391	198.627966
7,6,6,6,7,7,6,6,6	0.026391	198.627966
7,6,6,6,7,7,6,6,6	0.026391	198.627966
7,6,6,6,7,7,6,6,6	0.026391	198.627966
7,6,6,6,7,7,6,6,6	0.026391	198.627966
7,6,6,6,7,7,6,6,6	0.026391	198.627966
7,6,6,6,7,7,6,6,6	0.026391	198.627966
7,6,6,6,7,7,6,6,6	0.026391	198.627966
7,6,6,6,7,7,6,6,6	0.026391	198.627966
7,6,6,6,7,7,6,6,6	0.026391	198.627966
7,6,6,6,7,7,6,6,6	0.026391	198.627966
7,6,6,6,7,7,6,6,6	0.026391	198.627966
7,6,6,6,7,7,6,6,4	0.025275	199.272174
7,6,6,6,7,7,6,6,4	0.025275	199.272174
7,6,6,6,7,7,6,6,4	0.025275	199.272174
7,6,6,6,7,7,6,6,4	0.025275	199.272174
7,6,6,6,7,7,6,6,4	0.025275	199.272174
6,4,6,6,7,6,6,6,5	0.024317	200.456807
6,6,6,6,6,6,6,6,5	0.023764	200.643485
5,6,6,6,7,7,6,5,6	0.023560	200.884298
5,6,6,6,7,7,6,5,6	0.023560	200.884298
7,6,6,6,7,6,6,6,6	0.023462	201.049160
7,6,6,6,7,6,6,6,6	0.023462	201.049160
7,6,6,6,7,6,6,6,6	0.023462	201.049160
7,6,6,6,7,6,6,6,6	0.023462	201.049160
7,6,6,6,7,6,6,6,6	0.023462	201.049160
7,6,6,6,7,6,6,6,6	0.023462	201.049160
7,6,6,6,7,6,6,6,6	0.023462	201.049160
7,6,6,6,7,6,6,6,6	0.023462	201.049160
7,6,6,6,7,6,6,6,6	0.023462	201.049160
7,6,6,6,7,6,6,6,6	0.023462	201.049160
7,6,6,6,7,6,6,6,6	0.023462	201.049160
6,5,6,6,7,7,6,6,6	0.021726	201.149699
6,5,6,6,7,7,6,6,6	0.021726	201.149699
6,6,6,6,7,7,6,6,6	0.019580	201.824191
6,6,6,6,7,7,6,6,6	0.019580	201.824191
6,6,6,6,7,7,6,6,6	0.019580	201.824191
6,6,6,6,7,7,6,6,6	0.019580	201.824191
6,6,6,6,7,7,6,6,6	0.019580	201.824191
6,6,6,6,7,7,6,6,6	0.019580	201.824191
6,6,6,6,7,7,6,6,6	0.019580	201.824191
6,6,6,6,7,7,6,6,6	0.019580	201.824191
6,6,6,6,7,7,6,6,6	0.019580	201.824191
6,6,6,6,7,7,6,6,6	0.019580	201.824191
6,6,6,6,7,7,6,6,4	0.017202	202.764279
6,6,6,6,7,7,6,6,4	0.017202	202.764279
6,6,6,6,7,7,6,6,4	0.017202	202.764279
6,6,6,6,7,7,6,6,4	0.017202	202.764279
6,6,6,6,7,7,6,6,4	0.017202	202.764279
6,6,6,6,7,7,6,6,4	0.017202	202.764279
6,6,6,6,7,7,6,6,4	0.017202	202.764279
6,6,6,6,7,7,6,6,4	0.017202	202.764279
6,6,6,6,7,7,6,6,4	0.017202	202.764279
6,6,6,6,7,7,6,6,4	0.017202	202.764279
6,6,6,6,7,7,6,6,4	0.017202	202.764279
6,6,6,6,7,7,6,6,4	0.017202	202.764279
6,6,6,6,7,7,6,4,6	0.016019	203.919078
6,6,6,6,7,7,6,4,6	0.016019	203.919078
6,6,6,6,7,7,6,4,6	0.016019	203.919078
6,6,6,6,7,7,6,4,6	0.016019	203.919078
6,6,6,6,7,7,6,4,6	0.016019	203.919078
6,6,6,6,7,7,6,4,6	0.016019	203.919078
6,6,6,6,7,7,6,4,6	0.016019	203.919078
6,6,6,6,7,7,6,4,6	0.016019	203.919078
6,6,6,6,7,7,6,4,6	0.016019	203.919078
6,6,6,6,7,6,6,6,6	0.014739	204.038318
6,6,6,6,7,6,6,6,6	0.014739	204.038318
6,6,6,6,7,6,6,6,6	0.014739	204.038318
6,6,6,6,7,6,6,6,6	0.014739	204.038318
6,6,6,6,7,6,6,6,6	0.014739	204.038318
6,6,6,6,7,6,6,6,6	0.014739	204.038318
6,6,6,6,7,6,6,6,6	0.014739	204.038318
6,6,6,6,7,6,6,6,6	0.014739	204.038318
6,6,6,6,7,6,6,6,6	0.014739	204.038318
6,6,6,6,7,6,6,6,6	0.014739	204.038318
6,6,6,6,7,6,6,6,6	0.014739	204.038318
6,6,6,6,7,6,6,6,4	0.012867	205.270402
6,6,6,6,7,6,6,6,4	0.012867	205.270402
6,6,6,6,7,6,6,6,4	0.012867	205.270402
6,6,6,6,7,6,6,6,4	0.012867	205.270402
6,6,6,6,7,6,6,6,4	0.012867	205.270402
6,6,6,6,7,6,6,6,4	0.012867	205.270402
6,6,6,6,7,6,6,6,4	0.012867	205.270402
6,6,6,6,7,6,6,6,4	0.012867	205.270402
6,6,6,6,7,6,6,6,4	0.012867	205.270402
6,6,6,6,7,6,6,6,4	0.012867	205.270402
6,6,6,6,7,6,6,6,4	0.012867	205.270402
6,6,6,6,7,6,6,6,4	0.012867	205.270402
6,6,6,6,7,6,6,6,4	0.012867	205.270402
6,6,6,6,7,6,6,6,4	0.012867	205.270402
6,6,6,6,7,6,6,6,4	0.012867	205.270402
6,6,6,6,7,6,6,4,6	0.011210	206.225355
6,6,6,6,7,6,6,4,6	0.011210	206.225355
6,6,6,6,7,6,6,4,6	0.011210	206.225355
6,6,6,6,7,6,6,4,6	0.011210	206.225355
6,6,6,6,7,6,6,4,6	0.011210	206.225355
6,6,6,6,7,6,6,4,6	0.011210	206.225355
6,6,6,6,7,6,6,4,4	0.010179	207.284492
6,6,6,6,7,6,6,4,4	0.010179	207.284492
6,6,6,6,7,6,6,4,4	0.010179	207.284492
6,6,6,6,7,6,6,4,4	0.010179	207.284492
6,6,6,6,7,6,6,4,4	0.010179	207.284492
6,6,6,6,7,6,6,4,4	0.010179	207.284492
6,6,6,6,7,6,6,4,4	0.010179	207.284492
6,6,6,6,7,6,6,4,4	0.010179	207.284492
6,6,6,6,7,6,6,4,4	0.010179	207.284492
6,6,6,6,7,6,6,4,4	0.010179	207.284492
6,6,6,6,6,6,6,4,6	0.009862	208.215978
6,6,6,6,6,6,6,4,6	0.009862	208.215978
6,6,6,6,6,6,6,4,6	0.009862	208.215978
6,6,6,6,6,6,6,4,6	0.009862	208.215978
6,6,6,6,6,6,6,4,6	0.009862	208.215978
6,6,6,6,6,6,6,4,6	0.009862	208.215978
6,6,6,6,6,6,6,4,6	0.009862	208.215978
6,6,6,6,6,6,6,4,6	0.009862	208.215978
6,6,6,6,6,6,6,4,6	0.009862	208.215978
6,6,6,6,6,6,6,4,4	0.008787	209.260359
6,6,6,6,6,6,6,4,4	0.008787	209.260359
6,6,6,6,6,6,6,4,4	0.008787	209.260359
6,6,6,6,6,6,6,4,4	0.008787	209.260359
6,6,6,6,6,6,6,4,4	0.008787	209.260359
6,6,6,6,6,6,6,4,4	0.008787	209.260359
6,6,6,6,6,6,6,4,4	0.008787	209.260359
6,6,6,6,6,6,6,4,4	0.008787	209.260359
6,6,6,6,6,6,6,4,4	0.008787	209.260359
6,6,6,6,6,6,6,2,4	0.008533	211.007924
4,6,6,6,6,6,6,4,4	0.008507	211.136362
4,6,6,6,6,6,6,4,4	0.008507	211.136362
6,6,6,6,6,6,4,4,4	0.008334	212.219977
6,6,6,6,6,6,4,4,4	0.008334	212.219977
6,6,6,6,6,6,4,4,4	0.008334	212.219977
6,6,6,6,6,6,4,4,4	0.008334	212.219977
6,6,6,6,6,6,4,4,4	0.008334	212.219977
6,6,6,6,6,6,4,4,4	0.008334	212.219977
6,6,4,6,6,6,6,2,4	0.007907	213.482833
6,4,6,6,6,6,4,2,4	0.007735	216.471042
6,6,1,1,6,4,6,4,6	0.006903	216.844113
1,0,0,0,7,6,6,1,0	0.006025	221.340543
0,0,0,1,7,6,6,2,0	0.005960	222.280367
4,6,1,0,6,6,1,4,1	0.005326	222.526736
6,1,1,1,6,6,0,0,0	0.005321	224.928104
6,1,0,1,6,6,0,0,1	0.005240	225.002076
6,0,0,0,6,6,0,0,0	0.004969	225.226670
0,0,0,0,6,4,6,2,0	0.004919	227.261610
6,2,0,0,6,6,0,0,0	0.004904	227.488867
0,0,0,0,6,6,4,1,0	0.004881	227.745671
1,0,1,0,6,6,1,2,1	0.004767	228.246023
0,1,0,0,6,6,1,0,1	0.004764	228.326746
0,1,0,0,6,6,1,0,0	0.004658	228.481444
1,1,0,0,6,6,0,0,0	0.004650	228.628808
0,0,1,0,6,6,2,0,0	0.004645	229.603324
0,0,1,0,6,6,2,0,0	0.004645	229.603324
2,0,1,0,6,6,0,0,1	0.004624	230.478751
2,0,0,1,6,6,1,0,0	0.004569	230.509942
2,0,1,0,6,6,0,0,0	0.004532	230.623614
1,1,0,0,6,4,0,2,0	0.004478	231.707259
0,0,1,0,6,4,2,2,0	0.004460	232.714842
0,1,0,0,6,4,2,0,0	0.004428	232.729280
1,1,0,0,6,4,2,2,0	0.004397	232.775140
2,0,0,0,6,4,0,0,0	0.004377	233.716500
2,0,1,0,6,1,1,0,0	0.004372	234.338651
1,1,0,0,0,0,2,0,0	0.004367	235.852109
1,1,0,0,0,0,2,0,0	0.004367	235.852109
1,1,0,0,0,0,2,0,0	0.004367	235.852109
1,1,0,0,0,0,2,0,0	0.004367	235.852109
1,1,0,0,0,0,2,0,0	0.004367	235.852109
1,1,0,0,0,0,2,0,0	0.004367	235.852109
1,1,0,0,0,0,2,0,0	0.004367	235.852109
1,1,0,0,0,0,2,0,0	0.004367	235.852109
1,1,0,0,0,0,2,0,0	0.004367	235.852109
1,1,0,0,0,0,2,0,0	0.004367	235.852109
2,0,0,0,6,4,2,0,0	0.004345	236.196816
2,1,0,0,0,4,1,0,0	0.004329	236.378695
2,1,0,0,0,0,0,0,0	0.004313	236.816605
2,1,0,0,0,0,0,0,0	0.004313	236.816605
2,1,0,0,0,1,0,0,0	0.004304	237.689879
2,1,0,0,0,1,0,0,0	0.004304	237.689879
2,1,0,0,0,2,1,0,0	0.004302	238.389362
2,0,0,0,0,0,2,0,0	0.004290	238.793889
2,1,0,0,0,0,2,0,0	0.004263	239.158591
